,voltage
0,3.4122
1,3.4122
2,3.412
3,3.4122
4,3.4122
5,3.412
6,3.412
7,3.4122
8,3.412
9,3.412
10,3.412
11,3.412
12,3.412
13,3.412
14,3.412
15,3.412
16,3.412
17,3.412
18,3.412
19,3.4122
20,3.412
21,3.412
22,3.412
23,3.4122
24,3.4122
25,3.412
26,3.412
27,3.412
28,3.412
29,3.412
30,3.412
31,3.412
32,3.4122
33,3.412
34,3.412
35,3.412
36,3.412
37,3.412
38,3.412
39,3.412
40,3.412
41,3.412
42,3.412
43,3.412
44,3.412
45,3.4122
46,3.412
47,3.412
48,3.412
49,3.412
50,3.412
51,3.4122
52,3.412
53,3.412
54,3.412
55,3.412
56,3.412
57,3.412
58,3.412
59,3.412
60,3.412
61,3.4848
62,3.5865
63,3.6497
64,3.65
65,3.6488
66,3.6475
67,3.6462
68,3.6453
69,3.6443
70,3.6435
71,3.6429
72,3.6424
73,3.6419
74,3.6415
75,3.6411
76,3.6408
77,3.6405
78,3.6404
79,3.64
80,3.6399
81,3.6397
82,3.6396
83,3.6396
84,3.6394
85,3.6394
86,3.6394
87,3.6392
88,3.6392
89,3.6392
90,3.6392
91,3.6392
92,3.6392
93,3.6394
94,3.6394
95,3.6394
96,3.6394
97,3.6396
98,3.6396
99,3.6397
100,3.6397
101,3.6399
102,3.6399
103,3.64
104,3.6402
105,3.6402
106,3.6404
107,3.6405
108,3.6405
109,3.6407
110,3.6408
111,3.641
112,3.6411
113,3.6411
114,3.6413
115,3.6415
116,3.6416
117,3.6418
118,3.6419
119,3.6421
120,3.6421
121,3.6424
122,3.6424
123,3.6426
124,3.6427
125,3.6429
126,3.6431
127,3.6432
128,3.6434
129,3.6435
130,3.6437
131,3.6438
132,3.644
133,3.6442
134,3.6443
135,3.6445
136,3.6446
137,3.6448
138,3.645
139,3.6451
140,3.6453
141,3.6454
142,3.6456
143,3.6458
144,3.6459
145,3.6461
146,3.6462
147,3.6464
148,3.6464
149,3.6465
150,3.6467
151,3.6469
152,3.647
153,3.6472
154,3.6473
155,3.6475
156,3.6477
157,3.6478
158,3.648
159,3.6481
160,3.6483
161,3.6485
162,3.6485
163,3.6486
164,3.6488
165,3.6489
166,3.6491
167,3.6492
168,3.6494
169,3.6496
170,3.6497
171,3.6497
172,3.6499
173,3.65
174,3.6502
175,3.6504
176,3.6505
177,3.6505
178,3.6507
179,3.6508
180,3.651
181,3.6512
182,3.6513
183,3.6513
184,3.6515
185,3.6516
186,3.6518
187,3.652
188,3.652
189,3.6521
190,3.6523
191,3.6524
192,3.6524
193,3.6526
194,3.6527
195,3.6529
196,3.6529
197,3.6531
198,3.6532
199,3.6534
200,3.6534
201,3.6535
202,3.6537
203,3.6539
204,3.6539
205,3.654
206,3.6542
207,3.6542
208,3.6543
209,3.6545
210,3.6545
211,3.6547
212,3.6548
213,3.6548
214,3.655
215,3.6551
216,3.6551
217,3.6553
218,3.6554
219,3.6554
220,3.6556
221,3.6558
222,3.6558
223,3.6559
224,3.6561
225,3.6561
226,3.6562
227,3.6562
228,3.6564
229,3.6566
230,3.6566
231,3.6567
232,3.6567
233,3.6569
234,3.657
235,3.657
236,3.6572
237,3.6574
238,3.6574
239,3.6575
240,3.6575
241,3.6577
242,3.6577
243,3.6578
244,3.658
245,3.658
246,3.6581
247,3.6581
248,3.6583
249,3.6583
250,3.6585
251,3.6586
252,3.6586
253,3.6588
254,3.6588
255,3.6589
256,3.6589
257,3.6591
258,3.6591
259,3.6593
260,3.6593
261,3.6594
262,3.6596
263,3.6596
264,3.6596
265,3.6597
266,3.6599
267,3.6599
268,3.6601
269,3.6601
270,3.6602
271,3.6602
272,3.6604
273,3.6604
274,3.6605
275,3.6605
276,3.6607
277,3.6607
278,3.6608
279,3.6608
280,3.661
281,3.661
282,3.6612
283,3.6612
284,3.6613
285,3.6613
286,3.6615
287,3.6615
288,3.6616
289,3.6616
290,3.6618
291,3.6618
292,3.6618
293,3.662
294,3.6621
295,3.6621
296,3.6621
297,3.6623
298,3.6623
299,3.6624
300,3.6624
301,3.6626
302,3.6626
303,3.6628
304,3.6628
305,3.6629
306,3.6629
307,3.6629
308,3.6631
309,3.6631
310,3.6632
311,3.6632
312,3.6634
313,3.6634
314,3.6635
315,3.6635
316,3.6637
317,3.6637
318,3.6637
319,3.6639
320,3.6639
321,3.664
322,3.664
323,3.6642
324,3.6642
325,3.6643
326,3.6643
327,3.6643
328,3.6645
329,3.6645
330,3.6647
331,3.6647
332,3.6648
333,3.6648
334,3.6648
335,3.665
336,3.665
337,3.6651
338,3.6651
339,3.6653
340,3.6653
341,3.6653
342,3.6655
343,3.6655
344,3.6656
345,3.6656
346,3.6658
347,3.6658
348,3.6658
349,3.6659
350,3.6659
351,3.6661
352,3.6661
353,3.6662
354,3.6662
355,3.6662
356,3.6664
357,3.6664
358,3.6666
359,3.6666
360,3.6666
361,3.6667
362,3.6667
363,3.6669
364,3.6669
365,3.6669
366,3.667
367,3.667
368,3.6672
369,3.6672
370,3.6674
371,3.6674
372,3.6674
373,3.6675
374,3.6675
375,3.6675
376,3.6677
377,3.6677
378,3.6678
379,3.6678
380,3.668
381,3.668
382,3.668
383,3.6682
384,3.6682
385,3.6683
386,3.6683
387,3.6683
388,3.6685
389,3.6685
390,3.6686
391,3.6686
392,3.6686
393,3.6688
394,3.6688
395,3.6689
396,3.6689
397,3.6689
398,3.6691
399,3.6691
400,3.6691
401,3.6693
402,3.6693
403,3.6694
404,3.6694
405,3.6694
406,3.6696
407,3.6696
408,3.6697
409,3.6697
410,3.6699
411,3.6699
412,3.6699
413,3.6701
414,3.6701
415,3.6701
416,3.6702
417,3.6702
418,3.6704
419,3.6704
420,3.6704
421,3.6705
422,3.6705
423,3.6707
424,3.6707
425,3.6707
426,3.6709
427,3.6709
428,3.6709
429,3.671
430,3.671
431,3.6712
432,3.6712
433,3.6712
434,3.6713
435,3.6713
436,3.6715
437,3.6715
438,3.6715
439,3.6717
440,3.6717
441,3.6717
442,3.6718
443,3.6718
444,3.672
445,3.672
446,3.672
447,3.6721
448,3.6721
449,3.6721
450,3.6723
451,3.6723
452,3.6724
453,3.6724
454,3.6724
455,3.6726
456,3.6726
457,3.6726
458,3.6728
459,3.6728
460,3.6729
461,3.6729
462,3.6729
463,3.6731
464,3.6731
465,3.6731
466,3.6732
467,3.6732
468,3.6734
469,3.6734
470,3.6734
471,3.6736
472,3.6736
473,3.6737
474,3.6737
475,3.6737
476,3.6739
477,3.6739
478,3.674
479,3.674
480,3.674
481,3.6742
482,3.6742
483,3.6742
484,3.6744
485,3.6744
486,3.6744
487,3.6745
488,3.6745
489,3.6745
490,3.6747
491,3.6747
492,3.6748
493,3.6748
494,3.6748
495,3.675
496,3.675
497,3.675
498,3.6751
499,3.6751
500,3.6753
501,3.6753
502,3.6753
503,3.6755
504,3.6755
505,3.6756
506,3.6756
507,3.6756
508,3.6758
509,3.6758
510,3.6758
511,3.6759
512,3.6759
513,3.6761
514,3.6761
515,3.6761
516,3.6763
517,3.6763
518,3.6763
519,3.6764
520,3.6764
521,3.6764
522,3.6766
523,3.6766
524,3.6767
525,3.6767
526,3.6767
527,3.6769
528,3.6769
529,3.6769
530,3.6771
531,3.6771
532,3.6772
533,3.6772
534,3.6772
535,3.6774
536,3.6774
537,3.6774
538,3.6775
539,3.6775
540,3.6777
541,3.6777
542,3.6777
543,3.6778
544,3.6778
545,3.6778
546,3.678
547,3.678
548,3.678
549,3.6782
550,3.6782
551,3.6783
552,3.6783
553,3.6783
554,3.6785
555,3.6785
556,3.6785
557,3.6786
558,3.6786
559,3.6788
560,3.6788
561,3.6788
562,3.6788
563,3.679
564,3.679
565,3.6791
566,3.6791
567,3.6791
568,3.6793
569,3.6793
570,3.6794
571,3.6794
572,3.6794
573,3.6796
574,3.6796
575,3.6798
576,3.6798
577,3.6798
578,3.6799
579,3.6799
580,3.6799
581,3.6801
582,3.6801
583,3.6801
584,3.6802
585,3.6802
586,3.6802
587,3.6804
588,3.6804
589,3.6804
590,3.6805
591,3.6805
592,3.6807
593,3.6807
594,3.6809
595,3.6809
596,3.6809
597,3.681
598,3.681
599,3.681
600,3.6812
601,3.6812
602,3.6813
603,3.6813
604,3.6813
605,3.6815
606,3.6815
607,3.6815
608,3.6817
609,3.6817
610,3.6818
611,3.6818
612,3.6818
613,3.682
614,3.682
615,3.682
616,3.6821
617,3.6821
618,3.6821
619,3.6823
620,3.6823
621,3.6825
622,3.6825
623,3.6825
624,3.6826
625,3.6826
626,3.6826
627,3.6828
628,3.6828
629,3.6829
630,3.6829
631,3.6829
632,3.6831
633,3.6831
634,3.6832
635,3.6832
636,3.6832
637,3.6834
638,3.6834
639,3.6834
640,3.6836
641,3.6836
642,3.6836
643,3.6837
644,3.6837
645,3.6839
646,3.6839
647,3.6839
648,3.684
649,3.684
650,3.6842
651,3.6842
652,3.6842
653,3.6844
654,3.6844
655,3.6845
656,3.6845
657,3.6845
658,3.6847
659,3.6847
660,3.6847
661,3.6848
662,3.6848
663,3.685
664,3.685
665,3.685
666,3.6852
667,3.6852
668,3.6853
669,3.6853
670,3.6853
671,3.6855
672,3.6855
673,3.6855
674,3.6856
675,3.6856
676,3.6856
677,3.6858
678,3.6858
679,3.6859
680,3.6859
681,3.6859
682,3.6861
683,3.6861
684,3.6863
685,3.6863
686,3.6863
687,3.6864
688,3.6864
689,3.6864
690,3.6866
691,3.6866
692,3.6867
693,3.6867
694,3.6867
695,3.6869
696,3.6869
697,3.6871
698,3.6871
699,3.6871
700,3.6872
701,3.6872
702,3.6874
703,3.6874
704,3.6874
705,3.6875
706,3.6875
707,3.6877
708,3.6877
709,3.6877
710,3.6879
711,3.6879
712,3.688
713,3.688
714,3.688
715,3.6882
716,3.6882
717,3.6882
718,3.6883
719,3.6883
720,3.6885
721,3.6885
722,3.6885
723,3.6886
724,3.6886
725,3.6888
726,3.6888
727,3.6888
728,3.689
729,3.689
730,3.6891
731,3.6891
732,3.6891
733,3.6893
734,3.6893
735,3.6893
736,3.6894
737,3.6894
738,3.6896
739,3.6896
740,3.6896
741,3.6898
742,3.6898
743,3.6899
744,3.6899
745,3.6901
746,3.6901
747,3.6901
748,3.6902
749,3.6902
750,3.6904
751,3.6904
752,3.6904
753,3.6906
754,3.6906
755,3.6906
756,3.6907
757,3.6907
758,3.6909
759,3.6909
760,3.6909
761,3.691
762,3.691
763,3.6912
764,3.6912
765,3.6912
766,3.6913
767,3.6913
768,3.6915
769,3.6915
770,3.6917
771,3.6917
772,3.6917
773,3.6918
774,3.6918
775,3.692
776,3.692
777,3.692
778,3.6921
779,3.6921
780,3.6921
781,3.6923
782,3.6923
783,3.6925
784,3.6925
785,3.6926
786,3.6926
787,3.6926
788,3.6928
789,3.6928
790,3.6929
791,3.6929
792,3.6929
793,3.6931
794,3.6931
795,3.6933
796,3.6933
797,3.6933
798,3.6934
799,3.6934
800,3.6936
801,3.6936
802,3.6936
803,3.6937
804,3.6937
805,3.6939
806,3.6939
807,3.6939
808,3.694
809,3.694
810,3.6942
811,3.6942
812,3.6944
813,3.6944
814,3.6944
815,3.6945
816,3.6945
817,3.6947
818,3.6947
819,3.6947
820,3.6948
821,3.6948
822,3.695
823,3.695
824,3.6952
825,3.6952
826,3.6952
827,3.6953
828,3.6953
829,3.6955
830,3.6955
831,3.6955
832,3.6956
833,3.6956
834,3.6958
835,3.6958
836,3.696
837,3.696
838,3.696
839,3.6961
840,3.6961
841,3.6963
842,3.6963
843,3.6964
844,3.6964
845,3.6964
846,3.6966
847,3.6966
848,3.6968
849,3.6968
850,3.6969
851,3.6969
852,3.6969
853,3.6971
854,3.6971
855,3.6971
856,3.6972
857,3.6972
858,3.6974
859,3.6974
860,3.6975
861,3.6975
862,3.6977
863,3.6977
864,3.6977
865,3.6979
866,3.6979
867,3.698
868,3.698
869,3.6982
870,3.6982
871,3.6982
872,3.6983
873,3.6983
874,3.6985
875,3.6985
876,3.6987
877,3.6987
878,3.6987
879,3.6988
880,3.6988
881,3.699
882,3.699
883,3.6991
884,3.6991
885,3.6991
886,3.6993
887,3.6993
888,3.6995
889,3.6995
890,3.6996
891,3.6996
892,3.6996
893,3.6998
894,3.6998
895,3.6999
896,3.6999
897,3.7001
898,3.7001
899,3.7001
900,3.7002
901,3.7002
902,3.7004
903,3.7004
904,3.7006
905,3.7006
906,3.7007
907,3.7007
908,3.7007
909,3.7009
910,3.7009
911,3.701
912,3.701
913,3.7012
914,3.7012
915,3.7012
916,3.7014
917,3.7014
918,3.7015
919,3.7015
920,3.7017
921,3.7017
922,3.7018
923,3.7018
924,3.7018
925,3.702
926,3.702
927,3.7022
928,3.7022
929,3.7023
930,3.7023
931,3.7023
932,3.7025
933,3.7025
934,3.7026
935,3.7026
936,3.7028
937,3.7028
938,3.7029
939,3.7029
940,3.7031
941,3.7031
942,3.7031
943,3.7033
944,3.7033
945,3.7034
946,3.7034
947,3.7036
948,3.7036
949,3.7037
950,3.7037
951,3.7037
952,3.7039
953,3.7039
954,3.7041
955,3.7041
956,3.7042
957,3.7042
958,3.7044
959,3.7044
960,3.7045
961,3.7045
962,3.7045
963,3.7047
964,3.7047
965,3.7049
966,3.7049
967,3.705
968,3.705
969,3.7052
970,3.7052
971,3.7052
972,3.7053
973,3.7053
974,3.7055
975,3.7055
976,3.7056
977,3.7056
978,3.7058
979,3.7058
980,3.7058
981,3.706
982,3.706
983,3.7061
984,3.7061
985,3.7063
986,3.7063
987,3.7064
988,3.7064
989,3.7066
990,3.7066
991,3.7068
992,3.7068
993,3.7068
994,3.7069
995,3.7069
996,3.7071
997,3.7071
998,3.7072
999,3.7072
1000,3.7074
1001,3.7074
1002,3.7076
1003,3.7076
1004,3.7077
1005,3.7077
1006,3.7077
1007,3.7079
1008,3.7079
1009,3.708
1010,3.708
1011,3.7082
1012,3.7082
1013,3.7083
1014,3.7083
1015,3.7085
1016,3.7085
1017,3.7085
1018,3.7087
1019,3.7088
1020,3.7088
1021,3.7088
1022,3.709
1023,3.709
1024,3.7091
1025,3.7091
1026,3.7093
1027,3.7093
1028,3.7095
1029,3.7095
1030,3.7096
1031,3.7096
1032,3.7096
1033,3.7098
1034,3.7098
1035,3.7099
1036,3.7099
1037,3.7101
1038,3.7101
1039,3.7103
1040,3.7103
1041,3.7104
1042,3.7104
1043,3.7106
1044,3.7106
1045,3.7106
1046,3.7107
1047,3.7107
1048,3.7109
1049,3.7109
1050,3.711
1051,3.711
1052,3.7112
1053,3.7112
1054,3.7114
1055,3.7114
1056,3.7115
1057,3.7115
1058,3.7115
1059,3.7117
1060,3.7117
1061,3.7118
1062,3.7118
1063,3.712
1064,3.712
1065,3.7122
1066,3.7122
1067,3.7123
1068,3.7123
1069,3.7125
1070,3.7125
1071,3.7126
1072,3.7126
1073,3.7128
1074,3.7128
1075,3.713
1076,3.713
1077,3.7131
1078,3.7131
1079,3.7131
1080,3.7133
1081,3.7133
1082,3.7134
1083,3.7134
1084,3.7136
1085,3.7136
1086,3.7137
1087,3.7137
1088,3.7139
1089,3.7139
1090,3.7141
1091,3.7141
1092,3.7142
1093,3.7142
1094,3.7142
1095,3.7144
1096,3.7144
1097,3.7145
1098,3.7145
1099,3.7147
1100,3.7147
1101,3.7149
1102,3.7149
1103,3.715
1104,3.715
1105,3.7152
1106,3.7152
1107,3.7153
1108,3.7153
1109,3.7155
1110,3.7155
1111,3.7157
1112,3.7157
1113,3.7158
1114,3.7158
1115,3.7158
1116,3.716
1117,3.716
1118,3.7161
1119,3.7161
1120,3.7163
1121,3.7163
1122,3.7164
1123,3.7164
1124,3.7166
1125,3.7166
1126,3.7168
1127,3.7168
1128,3.7168
1129,3.7169
1130,3.7171
1131,3.7171
1132,3.7172
1133,3.7172
1134,3.7172
1135,3.7174
1136,3.7176
1137,3.7176
1138,3.7176
1139,3.7177
1140,3.7177
1141,3.7179
1142,3.7179
1143,3.718
1144,3.718
1145,3.7182
1146,3.7182
1147,3.7184
1148,3.7184
1149,3.7185
1150,3.7185
1151,3.7187
1152,3.7187
1153,3.7188
1154,3.7188
1155,3.719
1156,3.719
1157,3.7191
1158,3.7191
1159,3.7193
1160,3.7193
1161,3.7193
1162,3.7195
1163,3.7195
1164,3.7196
1165,3.7196
1166,3.7198
1167,3.7198
1168,3.7199
1169,3.7199
1170,3.7201
1171,3.7201
1172,3.7203
1173,3.7203
1174,3.7204
1175,3.7204
1176,3.7206
1177,3.7206
1178,3.7207
1179,3.7207
1180,3.7209
1181,3.7209
1182,3.7211
1183,3.7211
1184,3.7212
1185,3.7212
1186,3.7214
1187,3.7214
1188,3.7214
1189,3.7215
1190,3.7217
1191,3.7217
1192,3.7217
1193,3.7219
1194,3.7219
1195,3.722
1196,3.722
1197,3.7222
1198,3.7222
1199,3.7223
1200,3.7223
1201,3.7225
1202,3.7225
1203,3.7226
1204,3.7226
1205,3.7228
1206,3.7228
1207,3.723
1208,3.723
1209,3.7231
1210,3.7231
1211,3.7233
1212,3.7233
1213,3.7234
1214,3.7234
1215,3.7236
1216,3.7236
1217,3.7238
1218,3.7238
1219,3.7239
1220,3.7239
1221,3.7241
1222,3.7241
1223,3.7242
1224,3.7242
1225,3.7244
1226,3.7244
1227,3.7246
1228,3.7246
1229,3.7247
1230,3.7247
1231,3.7249
1232,3.7249
1233,3.725
1234,3.725
1235,3.7252
1236,3.7252
1237,3.7253
1238,3.7253
1239,3.7255
1240,3.7255
1241,3.7257
1242,3.7257
1243,3.7258
1244,3.7258
1245,3.726
1246,3.726
1247,3.7261
1248,3.7261
1249,3.7263
1250,3.7263
1251,3.7265
1252,3.7265
1253,3.7266
1254,3.7266
1255,3.7268
1256,3.7268
1257,3.7269
1258,3.7269
1259,3.7271
1260,3.7271
1261,3.7273
1262,3.7273
1263,3.7274
1264,3.7274
1265,3.7276
1266,3.7276
1267,3.7277
1268,3.7277
1269,3.7279
1270,3.7279
1271,3.728
1272,3.728
1273,3.7282
1274,3.7282
1275,3.7284
1276,3.7284
1277,3.7285
1278,3.7285
1279,3.7287
1280,3.7287
1281,3.7288
1282,3.7288
1283,3.729
1284,3.729
1285,3.7292
1286,3.7292
1287,3.7293
1288,3.7295
1289,3.7295
1290,3.7295
1291,3.7296
1292,3.7296
1293,3.7298
1294,3.73
1295,3.73
1296,3.7301
1297,3.7301
1298,3.7303
1299,3.7303
1300,3.7304
1301,3.7304
1302,3.7306
1303,3.7306
1304,3.7307
1305,3.7307
1306,3.7309
1307,3.7309
1308,3.7311
1309,3.7311
1310,3.7312
1311,3.7312
1312,3.7314
1313,3.7314
1314,3.7315
1315,3.7315
1316,3.7317
1317,3.7317
1318,3.7319
1319,3.7319
1320,3.732
1321,3.7322
1322,3.7322
1323,3.7323
1324,3.7323
1325,3.7325
1326,3.7325
1327,3.7327
1328,3.7327
1329,3.7328
1330,3.7328
1331,3.733
1332,3.733
1333,3.7331
1334,3.7331
1335,3.7333
1336,3.7333
1337,3.7334
1338,3.7334
1339,3.7336
1340,3.7338
1341,3.7338
1342,3.7339
1343,3.7339
1344,3.7341
1345,3.7341
1346,3.7342
1347,3.7342
1348,3.7344
1349,3.7344
1350,3.7346
1351,3.7346
1352,3.7347
1353,3.7347
1354,3.7349
1355,3.7349
1356,3.735
1357,3.7352
1358,3.7352
1359,3.7354
1360,3.7354
1361,3.7355
1362,3.7355
1363,3.7357
1364,3.7357
1365,3.7358
1366,3.736
1367,3.736
1368,3.7361
1369,3.7361
1370,3.7363
1371,3.7363
1372,3.7365
1373,3.7365
1374,3.7366
1375,3.7368
1376,3.7368
1377,3.7369
1378,3.7369
1379,3.7371
1380,3.7371
1381,3.7373
1382,3.7373
1383,3.7374
1384,3.7374
1385,3.7376
1386,3.7376
1387,3.7377
1388,3.7379
1389,3.7379
1390,3.7381
1391,3.7381
1392,3.7382
1393,3.7384
1394,3.7384
1395,3.7385
1396,3.7385
1397,3.7387
1398,3.7387
1399,3.7388
1400,3.7388
1401,3.739
1402,3.739
1403,3.7392
1404,3.7393
1405,3.7393
1406,3.7395
1407,3.7395
1408,3.7396
1409,3.7396
1410,3.7398
1411,3.74
1412,3.74
1413,3.7401
1414,3.7401
1415,3.7403
1416,3.7404
1417,3.7404
1418,3.7406
1419,3.7406
1420,3.7408
1421,3.7408
1422,3.7409
1423,3.7411
1424,3.7411
1425,3.7412
1426,3.7412
1427,3.7414
1428,3.7414
1429,3.7415
1430,3.7417
1431,3.7417
1432,3.7419
1433,3.7419
1434,3.742
1435,3.742
1436,3.7422
1437,3.7423
1438,3.7423
1439,3.7425
1440,3.7427
1441,3.7427
1442,3.7428
1443,3.7428
1444,3.743
1445,3.743
1446,3.7431
1447,3.7433
1448,3.7433
1449,3.7435
1450,3.7436
1451,3.7436
1452,3.7438
1453,3.7438
1454,3.7439
1455,3.7439
1456,3.7441
1457,3.7442
1458,3.7442
1459,3.7444
1460,3.7446
1461,3.7446
1462,3.7447
1463,3.7447
1464,3.7449
1465,3.745
1466,3.745
1467,3.7452
1468,3.7452
1469,3.7454
1470,3.7455
1471,3.7455
1472,3.7457
1473,3.7457
1474,3.7458
1475,3.746
1476,3.746
1477,3.7462
1478,3.7462
1479,3.7463
1480,3.7465
1481,3.7465
1482,3.7466
1483,3.7468
1484,3.7468
1485,3.747
1486,3.7471
1487,3.7471
1488,3.7473
1489,3.7473
1490,3.7474
1491,3.7476
1492,3.7476
1493,3.7477
1494,3.7477
1495,3.7479
1496,3.7481
1497,3.7482
1498,3.7482
1499,3.7484
1500,3.7484
1501,3.7485
1502,3.7487
1503,3.7487
1504,3.7489
1505,3.749
1506,3.749
1507,3.7492
1508,3.7492
1509,3.7493
1510,3.7495
1511,3.7495
1512,3.7497
1513,3.7498
1514,3.7498
1515,3.75
1516,3.7501
1517,3.7501
1518,3.7503
1519,3.7504
1520,3.7504
1521,3.7506
1522,3.7508
1523,3.7508
1524,3.7509
1525,3.7511
1526,3.7511
1527,3.7512
1528,3.7514
1529,3.7514
1530,3.7516
1531,3.7517
1532,3.7517
1533,3.7519
1534,3.7519
1535,3.752
1536,3.7522
1537,3.7524
1538,3.7524
1539,3.7525
1540,3.7527
1541,3.7527
1542,3.7528
1543,3.753
1544,3.753
1545,3.7531
1546,3.7533
1547,3.7533
1548,3.7535
1549,3.7536
1550,3.7536
1551,3.7538
1552,3.7539
1553,3.7539
1554,3.7541
1555,3.7543
1556,3.7543
1557,3.7544
1558,3.7546
1559,3.7547
1560,3.7547
1561,3.7549
1562,3.7551
1563,3.7551
1564,3.7552
1565,3.7554
1566,3.7554
1567,3.7555
1568,3.7557
1569,3.7557
1570,3.7558
1571,3.756
1572,3.7562
1573,3.7562
1574,3.7563
1575,3.7565
1576,3.7566
1577,3.7566
1578,3.7568
1579,3.757
1580,3.757
1581,3.7571
1582,3.7573
1583,3.7573
1584,3.7574
1585,3.7576
1586,3.7578
1587,3.7578
1588,3.7579
1589,3.7581
1590,3.7582
1591,3.7582
1592,3.7584
1593,3.7585
1594,3.7585
1595,3.7587
1596,3.7589
1597,3.759
1598,3.759
1599,3.7592
1600,3.7593
1601,3.7593
1602,3.7595
1603,3.7597
1604,3.7598
1605,3.7598
1606,3.76
1607,3.7601
1608,3.7603
1609,3.7603
1610,3.7605
1611,3.7606
1612,3.7608
1613,3.7608
1614,3.7609
1615,3.7611
1616,3.7612
1617,3.7612
1618,3.7614
1619,3.7616
1620,3.7617
1621,3.7617
1622,3.7619
1623,3.762
1624,3.7622
1625,3.7622
1626,3.7624
1627,3.7625
1628,3.7627
1629,3.7628
1630,3.7628
1631,3.763
1632,3.7632
1633,3.7633
1634,3.7633
1635,3.7635
1636,3.7636
1637,3.7638
1638,3.7638
1639,3.7639
1640,3.7641
1641,3.7643
1642,3.7644
1643,3.7644
1644,3.7646
1645,3.7647
1646,3.7649
1647,3.7649
1648,3.7651
1649,3.7652
1650,3.7654
1651,3.7654
1652,3.7655
1653,3.7657
1654,3.7659
1655,3.766
1656,3.766
1657,3.7662
1658,3.7663
1659,3.7665
1660,3.7666
1661,3.7666
1662,3.7668
1663,3.767
1664,3.7671
1665,3.7673
1666,3.7673
1667,3.7674
1668,3.7676
1669,3.7678
1670,3.7678
1671,3.7679
1672,3.7681
1673,3.7682
1674,3.7684
1675,3.7686
1676,3.7686
1677,3.7687
1678,3.7689
1679,3.769
1680,3.769
1681,3.7692
1682,3.7693
1683,3.7695
1684,3.7697
1685,3.7698
1686,3.7698
1687,3.77
1688,3.7701
1689,3.7703
1690,3.7705
1691,3.7706
1692,3.7706
1693,3.7708
1694,3.7709
1695,3.7711
1696,3.7713
1697,3.7714
1698,3.7714
1699,3.7716
1700,3.7717
1701,3.7719
1702,3.7721
1703,3.7722
1704,3.7722
1705,3.7724
1706,3.7725
1707,3.7727
1708,3.7728
1709,3.773
1710,3.7732
1711,3.7732
1712,3.7733
1713,3.7735
1714,3.7736
1715,3.7738
1716,3.774
1717,3.774
1718,3.7741
1719,3.7743
1720,3.7744
1721,3.7746
1722,3.7748
1723,3.7749
1724,3.7749
1725,3.7751
1726,3.7752
1727,3.7754
1728,3.7755
1729,3.7757
1730,3.7757
1731,3.7759
1732,3.776
1733,3.7762
1734,3.7763
1735,3.7765
1736,3.7767
1737,3.7768
1738,3.777
1739,3.777
1740,3.7771
1741,3.7773
1742,3.7775
1743,3.7776
1744,3.7778
1745,3.7778
1746,3.7779
1747,3.7781
1748,3.7782
1749,3.7784
1750,3.7786
1751,3.7787
1752,3.7789
1753,3.779
1754,3.7792
1755,3.7792
1756,3.7794
1757,3.7795
1758,3.7797
1759,3.7798
1760,3.78
1761,3.7802
1762,3.7803
1763,3.7805
1764,3.7805
1765,3.7806
1766,3.7808
1767,3.7809
1768,3.7811
1769,3.7813
1770,3.7814
1771,3.7816
1772,3.7817
1773,3.7819
1774,3.7821
1775,3.7821
1776,3.7822
1777,3.7824
1778,3.7825
1779,3.7827
1780,3.7829
1781,3.783
1782,3.7832
1783,3.7833
1784,3.7833
1785,3.7835
1786,3.7836
1787,3.7838
1788,3.784
1789,3.7841
1790,3.7843
1791,3.7844
1792,3.7846
1793,3.7848
1794,3.7849
1795,3.7851
1796,3.7852
1797,3.7852
1798,3.7854
1799,3.7856
1800,3.7857
1801,3.7859
1802,3.786
1803,3.7862
1804,3.7863
1805,3.7865
1806,3.7867
1807,3.7868
1808,3.787
1809,3.7871
1810,3.7873
1811,3.7875
1812,3.7876
1813,3.7878
1814,3.7878
1815,3.7879
1816,3.7881
1817,3.7883
1818,3.7884
1819,3.7886
1820,3.7887
1821,3.7889
1822,3.789
1823,3.7892
1824,3.7894
1825,3.7895
1826,3.7897
1827,3.7898
1828,3.79
1829,3.7902
1830,3.7903
1831,3.7905
1832,3.7906
1833,3.7908
1834,3.7908
1835,3.791
1836,3.7911
1837,3.7913
1838,3.7914
1839,3.7916
1840,3.7917
1841,3.7919
1842,3.7921
1843,3.7922
1844,3.7924
1845,3.7925
1846,3.7927
1847,3.7929
1848,3.793
1849,3.7932
1850,3.7933
1851,3.7935
1852,3.7937
1853,3.7938
1854,3.794
1855,3.7941
1856,3.7943
1857,3.7944
1858,3.7946
1859,3.7948
1860,3.7949
1861,3.7951
1862,3.7952
1863,3.7954
1864,3.7956
1865,3.7957
1866,3.7959
1867,3.796
1868,3.7962
1869,3.7964
1870,3.7965
1871,3.7967
1872,3.7968
1873,3.797
1874,3.7972
1875,3.7973
1876,3.7975
1877,3.7976
1878,3.7978
1879,3.7979
1880,3.7981
1881,3.7983
1882,3.7984
1883,3.7986
1884,3.7987
1885,3.7989
1886,3.7991
1887,3.7992
1888,3.7994
1889,3.7995
1890,3.7997
1891,3.7999
1892,3.8
1893,3.8002
1894,3.8003
1895,3.8005
1896,3.8006
1897,3.8008
1898,3.801
1899,3.8011
1900,3.8013
1901,3.8016
1902,3.8018
1903,3.8018
1904,3.8021
1905,3.8022
1906,3.8024
1907,3.8026
1908,3.8027
1909,3.8029
1910,3.803
1911,3.8032
1912,3.8033
1913,3.8035
1914,3.8037
1915,3.8038
1916,3.804
1917,3.8041
1918,3.8043
1919,3.8046
1920,3.8048
1921,3.8049
1922,3.8051
1923,3.8053
1924,3.8054
1925,3.8056
1926,3.8057
1927,3.8059
1928,3.806
1929,3.8062
1930,3.8064
1931,3.8065
1932,3.8067
1933,3.807
1934,3.8072
1935,3.8073
1936,3.8075
1937,3.8076
1938,3.8078
1939,3.808
1940,3.8081
1941,3.8083
1942,3.8084
1943,3.8086
1944,3.8087
1945,3.8091
1946,3.8092
1947,3.8094
1948,3.8095
1949,3.8097
1950,3.8099
1951,3.81
1952,3.8102
1953,3.8103
1954,3.8105
1955,3.8108
1956,3.811
1957,3.8111
1958,3.8113
1959,3.8114
1960,3.8116
1961,3.8118
1962,3.8119
1963,3.8121
1964,3.8124
1965,3.8126
1966,3.8127
1967,3.8129
1968,3.813
1969,3.8132
1970,3.8134
1971,3.8135
1972,3.8138
1973,3.814
1974,3.8141
1975,3.8143
1976,3.8145
1977,3.8146
1978,3.8148
1979,3.8151
1980,3.8153
1981,3.8154
1982,3.8156
1983,3.8157
1984,3.8159
1985,3.8161
1986,3.8164
1987,3.8165
1988,3.8167
1989,3.8169
1990,3.817
1991,3.8172
1992,3.8173
1993,3.8176
1994,3.8178
1995,3.818
1996,3.8181
1997,3.8183
1998,3.8186
1999,3.8188
2000,3.8189
2001,3.8191
2002,3.8192
2003,3.8194
2004,3.8197
2005,3.8199
2006,3.82
2007,3.8202
2008,3.8203
2009,3.8207
2010,3.8208
2011,3.821
2012,3.8211
2013,3.8213
2014,3.8215
2015,3.8218
2016,3.8219
2017,3.8221
2018,3.8223
2019,3.8224
2020,3.8227
2021,3.8229
2022,3.823
2023,3.8232
2024,3.8235
2025,3.8237
2026,3.8238
2027,3.824
2028,3.8243
2029,3.8245
2030,3.8246
2031,3.8248
2032,3.825
2033,3.8253
2034,3.8254
2035,3.8256
2036,3.8257
2037,3.8259
2038,3.8262
2039,3.8264
2040,3.8265
2041,3.8267
2042,3.827
2043,3.8272
2044,3.8273
2045,3.8275
2046,3.8278
2047,3.828
2048,3.8281
2049,3.8283
2050,3.8286
2051,3.8288
2052,3.8289
2053,3.8292
2054,3.8294
2055,3.8296
2056,3.8297
2057,3.83
2058,3.8302
2059,3.8304
2060,3.8305
2061,3.8308
2062,3.831
2063,3.8311
2064,3.8313
2065,3.8316
2066,3.8318
2067,3.8319
2068,3.8323
2069,3.8324
2070,3.8326
2071,3.8327
2072,3.8331
2073,3.8332
2074,3.8334
2075,3.8337
2076,3.8338
2077,3.834
2078,3.8343
2079,3.8345
2080,3.8346
2081,3.835
2082,3.8351
2083,3.8353
2084,3.8356
2085,3.8358
2086,3.8359
2087,3.8362
2088,3.8364
2089,3.8365
2090,3.8369
2091,3.837
2092,3.8372
2093,3.8373
2094,3.8377
2095,3.8378
2096,3.838
2097,3.8383
2098,3.8385
2099,3.8386
2100,3.8389
2101,3.8391
2102,3.8394
2103,3.8396
2104,3.8397
2105,3.84
2106,3.8402
2107,3.8404
2108,3.8407
2109,3.8408
2110,3.8412
2111,3.8413
2112,3.8415
2113,3.8418
2114,3.842
2115,3.8421
2116,3.8424
2117,3.8426
2118,3.8429
2119,3.8431
2120,3.8432
2121,3.8435
2122,3.8437
2123,3.844
2124,3.8442
2125,3.8443
2126,3.8447
2127,3.8448
2128,3.845
2129,3.8453
2130,3.8454
2131,3.8458
2132,3.8459
2133,3.8461
2134,3.8464
2135,3.8466
2136,3.8469
2137,3.847
2138,3.8474
2139,3.8475
2140,3.8477
2141,3.848
2142,3.8481
2143,3.8483
2144,3.8486
2145,3.8488
2146,3.8491
2147,3.8493
2148,3.8496
2149,3.8497
2150,3.8501
2151,3.8502
2152,3.8505
2153,3.8507
2154,3.8508
2155,3.8512
2156,3.8513
2157,3.8516
2158,3.8518
2159,3.852
2160,3.8523
2161,3.8524
2162,3.8528
2163,3.8529
2164,3.8532
2165,3.8534
2166,3.8537
2167,3.8539
2168,3.8542
2169,3.8543
2170,3.8545
2171,3.8548
2172,3.855
2173,3.8553
2174,3.8555
2175,3.8558
2176,3.8559
2177,3.8562
2178,3.8564
2179,3.8567
2180,3.8569
2181,3.8572
2182,3.8574
2183,3.8575
2184,3.8578
2185,3.8582
2186,3.8583
2187,3.8586
2188,3.8588
2189,3.8589
2190,3.8593
2191,3.8594
2192,3.8597
2193,3.8599
2194,3.8602
2195,3.8604
2196,3.8607
2197,3.8609
2198,3.8612
2199,3.8613
2200,3.8616
2201,3.8618
2202,3.8621
2203,3.8623
2204,3.8626
2205,3.8628
2206,3.8631
2207,3.8632
2208,3.8636
2209,3.8637
2210,3.864
2211,3.8642
2212,3.8645
2213,3.8647
2214,3.865
2215,3.8651
2216,3.8655
2217,3.8656
2218,3.8659
2219,3.8661
2220,3.8664
2221,3.8666
2222,3.8669
2223,3.8671
2224,3.8674
2225,3.8675
2226,3.8678
2227,3.868
2228,3.8683
2229,3.8685
2230,3.8688
2231,3.869
2232,3.8693
2233,3.8694
2234,3.8698
2235,3.8699
2236,3.8702
2237,3.8704
2238,3.8705
2239,3.8709
2240,3.8712
2241,3.8713
2242,3.8717
2243,3.8718
2244,3.8721
2245,3.8723
2246,3.8726
2247,3.8728
2248,3.8731
2249,3.8732
2250,3.8736
2251,3.8737
2252,3.874
2253,3.8742
2254,3.8745
2255,3.8747
2256,3.875
2257,3.8752
2258,3.8755
2259,3.8756
2260,3.8759
2261,3.8761
2262,3.8764
2263,3.8766
2264,3.8769
2265,3.8771
2266,3.8772
2267,3.8775
2268,3.8779
2269,3.878
2270,3.8782
2271,3.8785
2272,3.8788
2273,3.879
2274,3.8793
2275,3.8794
2276,3.8798
2277,3.8799
2278,3.8801
2279,3.8804
2280,3.8806
2281,3.8809
2282,3.881
2283,3.8813
2284,3.8815
2285,3.8818
2286,3.882
2287,3.8823
2288,3.8825
2289,3.8828
2290,3.8829
2291,3.8833
2292,3.8834
2293,3.8837
2294,3.8839
2295,3.8842
2296,3.8844
2297,3.8847
2298,3.8848
2299,3.8852
2300,3.8853
2301,3.8856
2302,3.8858
2303,3.886
2304,3.8863
2305,3.8866
2306,3.8867
2307,3.8869
2308,3.8872
2309,3.8874
2310,3.8877
2311,3.8879
2312,3.8882
2313,3.8883
2314,3.8887
2315,3.8888
2316,3.8891
2317,3.8893
2318,3.8896
2319,3.8898
2320,3.8901
2321,3.8902
2322,3.8904
2323,3.8907
2324,3.8909
2325,3.8912
2326,3.8914
2327,3.8917
2328,3.8918
2329,3.8922
2330,3.8923
2331,3.8926
2332,3.8928
2333,3.8929
2334,3.8933
2335,3.8934
2336,3.8937
2337,3.8939
2338,3.8942
2339,3.8944
2340,3.8947
2341,3.8949
2342,3.8952
2343,3.8953
2344,3.8955
2345,3.8958
2346,3.896
2347,3.8963
2348,3.8964
2349,3.8968
2350,3.8969
2351,3.8972
2352,3.8974
2353,3.8976
2354,3.8979
2355,3.898
2356,3.8983
2357,3.8985
2358,3.8988
2359,3.899
2360,3.8993
2361,3.8995
2362,3.8998
2363,3.8999
2364,3.9001
2365,3.9004
2366,3.9006
2367,3.9009
2368,3.901
2369,3.9014
2370,3.9015
2371,3.9017
2372,3.902
2373,3.9022
2374,3.9025
2375,3.9026
2376,3.903
2377,3.9031
2378,3.9034
2379,3.9036
2380,3.9039
2381,3.9041
2382,3.9042
2383,3.9045
2384,3.9047
2385,3.905
2386,3.9052
2387,3.9055
2388,3.9057
2389,3.9058
2390,3.9061
2391,3.9063
2392,3.9066
2393,3.9068
2394,3.9071
2395,3.9072
2396,3.9074
2397,3.9077
2398,3.9079
2399,3.9082
2400,3.9084
2401,3.9087
2402,3.9088
2403,3.9091
2404,3.9093
2405,3.9095
2406,3.9098
2407,3.9099
2408,3.9103
2409,3.9104
2410,3.9107
2411,3.9109
2412,3.9111
2413,3.9114
2414,3.9115
2415,3.9118
2416,3.912
2417,3.9123
2418,3.9125
2419,3.9128
2420,3.913
2421,3.9133
2422,3.9134
2423,3.9136
2424,3.9139
2425,3.9141
2426,3.9144
2427,3.9145
2428,3.9149
2429,3.915
2430,3.9153
2431,3.9155
2432,3.9158
2433,3.916
2434,3.9161
2435,3.9165
2436,3.9166
2437,3.9169
2438,3.9171
2439,3.9174
2440,3.9176
2441,3.9179
2442,3.918
2443,3.9184
2444,3.9185
2445,3.9188
2446,3.919
2447,3.9193
2448,3.9195
2449,3.9196
2450,3.92
2451,3.9201
2452,3.9204
2453,3.9206
2454,3.9209
2455,3.9211
2456,3.9214
2457,3.9215
2458,3.9219
2459,3.922
2460,3.9223
2461,3.9225
2462,3.9228
2463,3.923
2464,3.9233
2465,3.9234
2466,3.9238
2467,3.9239
2468,3.9242
2469,3.9244
2470,3.9246
2471,3.9249
2472,3.925
2473,3.9254
2474,3.9257
2475,3.9258
2476,3.926
2477,3.9263
2478,3.9266
2479,3.9268
2480,3.9271
2481,3.9273
2482,3.9276
2483,3.9277
2484,3.9281
2485,3.9282
2486,3.9285
2487,3.9287
2488,3.929
2489,3.9292
2490,3.9295
2491,3.9296
2492,3.93
2493,3.9301
2494,3.9304
2495,3.9306
2496,3.9309
2497,3.9311
2498,3.9314
2499,3.9315
2500,3.9319
2501,3.9322
2502,3.9323
2503,3.9327
2504,3.9328
2505,3.9331
2506,3.9333
2507,3.9336
2508,3.9338
2509,3.9341
2510,3.9344
2511,3.9346
2512,3.9349
2513,3.935
2514,3.9354
2515,3.9355
2516,3.9358
2517,3.936
2518,3.9363
2519,3.9366
2520,3.9368
2521,3.9371
2522,3.9373
2523,3.9376
2524,3.9377
2525,3.9381
2526,3.9384
2527,3.9385
2528,3.9389
2529,3.939
2530,3.9393
2531,3.9396
2532,3.9398
2533,3.9401
2534,3.9403
2535,3.9406
2536,3.9409
2537,3.9411
2538,3.9414
2539,3.9416
2540,3.9419
2541,3.942
2542,3.9424
2543,3.9427
2544,3.9428
2545,3.9431
2546,3.9435
2547,3.9436
2548,3.9439
2549,3.9441
2550,3.9444
2551,3.9447
2552,3.9449
2553,3.9452
2554,3.9454
2555,3.9457
2556,3.946
2557,3.9462
2558,3.9465
2559,3.9468
2560,3.947
2561,3.9473
2562,3.9476
2563,3.9478
2564,3.9481
2565,3.9482
2566,3.9485
2567,3.9489
2568,3.949
2569,3.9493
2570,3.9497
2571,3.9498
2572,3.9501
2573,3.9505
2574,3.9506
2575,3.9509
2576,3.9512
2577,3.9514
2578,3.9517
2579,3.952
2580,3.9522
2581,3.9525
2582,3.9528
2583,3.953
2584,3.9533
2585,3.9536
2586,3.9538
2587,3.9541
2588,3.9544
2589,3.9546
2590,3.9549
2591,3.9552
2592,3.9554
2593,3.9557
2594,3.956
2595,3.9562
2596,3.9565
2597,3.9568
2598,3.957
2599,3.9573
2600,3.9576
2601,3.9578
2602,3.9581
2603,3.9584
2604,3.9587
2605,3.9589
2606,3.9592
2607,3.9595
2608,3.9597
2609,3.96
2610,3.9603
2611,3.9605
2612,3.9608
2613,3.9611
2614,3.9613
2615,3.9616
2616,3.9619
2617,3.9622
2618,3.9624
2619,3.9627
2620,3.963
2621,3.9632
2622,3.9635
2623,3.9638
2624,3.964
2625,3.9643
2626,3.9646
2627,3.9649
2628,3.9651
2629,3.9654
2630,3.9657
2631,3.9659
2632,3.9662
2633,3.9665
2634,3.9668
2635,3.967
2636,3.9673
2637,3.9675
2638,3.9678
2639,3.9681
2640,3.9684
2641,3.9686
2642,3.9689
2643,3.9692
2644,3.9694
2645,3.9697
2646,3.97
2647,3.9702
2648,3.9705
2649,3.9708
2650,3.9711
2651,3.9713
2652,3.9716
2653,3.9719
2654,3.9721
2655,3.9724
2656,3.9727
2657,3.9729
2658,3.9732
2659,3.9735
2660,3.9736
2661,3.974
2662,3.9743
2663,3.9744
2664,3.9748
2665,3.9751
2666,3.9752
2667,3.9756
2668,3.9759
2669,3.9762
2670,3.9763
2671,3.9767
2672,3.9768
2673,3.9771
2674,3.9775
2675,3.9778
2676,3.9779
2677,3.9783
2678,3.9784
2679,3.9787
2680,3.979
2681,3.9792
2682,3.9795
2683,3.9798
2684,3.98
2685,3.9803
2686,3.9806
2687,3.9808
2688,3.9811
2689,3.9814
2690,3.9816
2691,3.9819
2692,3.9821
2693,3.9824
2694,3.9827
2695,3.9829
2696,3.9832
2697,3.9835
2698,3.9837
2699,3.984
2700,3.9841
2701,3.9844
2702,3.9848
2703,3.9849
2704,3.9852
2705,3.9854
2706,3.9857
2707,3.986
2708,3.9862
2709,3.9865
2710,3.9867
2711,3.987
2712,3.9871
2713,3.9875
2714,3.9878
2715,3.9879
2716,3.9883
2717,3.9884
2718,3.9887
2719,3.9889
2720,3.9892
2721,3.9895
2722,3.9897
2723,3.99
2724,3.9902
2725,3.9905
2726,3.9906
2727,3.991
2728,3.9911
2729,3.9914
2730,3.9916
2731,3.9919
2732,3.9921
2733,3.9924
2734,3.9926
2735,3.9929
2736,3.993
2737,3.9933
2738,3.9935
2739,3.9938
2740,3.994
2741,3.9943
2742,3.9945
2743,3.9948
2744,3.9949
2745,3.9953
2746,3.9954
2747,3.9957
2748,3.9959
2749,3.996
2750,3.9964
2751,3.9965
2752,3.9968
2753,3.997
2754,3.9973
2755,3.9975
2756,3.9978
2757,3.998
2758,3.9981
2759,3.9984
2760,3.9986
2761,3.9989
2762,3.9991
2763,3.9992
2764,3.9995
2765,3.9997
2766,4.0
2767,4.0002
2768,4.0003
2769,4.0007
2770,4.0008
2771,4.001
2772,4.0013
2773,4.0014
2774,4.0016
2775,4.0019
2776,4.0021
2777,4.0022
2778,4.0026
2779,4.0027
2780,4.003
2781,4.0032
2782,4.0034
2783,4.0037
2784,4.0038
2785,4.004
2786,4.0041
2787,4.0045
2788,4.0046
2789,4.0048
2790,4.0051
2791,4.0053
2792,4.0054
2793,4.0056
2794,4.0059
2795,4.0061
2796,4.0062
2797,4.0064
2798,4.0067
2799,4.0068
2800,4.007
2801,4.0072
2802,4.0075
2803,4.0076
2804,4.0078
2805,4.008
2806,4.0083
2807,4.0084
2808,4.0086
2809,4.0088
2810,4.0091
2811,4.0092
2812,4.0094
2813,4.0095
2814,4.0097
2815,4.0099
2816,4.01
2817,4.0103
2818,4.0105
2819,4.0107
2820,4.0108
2821,4.0111
2822,4.0113
2823,4.0115
2824,4.0116
2825,4.0118
2826,4.0119
2827,4.0121
2828,4.0124
2829,4.0126
2830,4.0127
2831,4.0129
2832,4.013
2833,4.0132
2834,4.0135
2835,4.0137
2836,4.0138
2837,4.014
2838,4.0142
2839,4.0143
2840,4.0145
2841,4.0146
2842,4.015
2843,4.0151
2844,4.0153
2845,4.0154
2846,4.0156
2847,4.0157
2848,4.0159
2849,4.0161
2850,4.0162
2851,4.0164
2852,4.0165
2853,4.0167
2854,4.0169
2855,4.0172
2856,4.0173
2857,4.0175
2858,4.0177
2859,4.0178
2860,4.018
2861,4.0181
2862,4.0183
2863,4.0184
2864,4.0186
2865,4.0188
2866,4.0189
2867,4.0191
2868,4.0192
2869,4.0194
2870,4.0196
2871,4.0197
2872,4.0199
2873,4.0202
2874,4.0202
2875,4.0204
2876,4.0205
2877,4.0208
2878,4.021
2879,4.0211
2880,4.0213
2881,4.0215
2882,4.0216
2883,4.0218
2884,4.0219
2885,4.0221
2886,4.0223
2887,4.0224
2888,4.0226
2889,4.0227
2890,4.0229
2891,4.0231
2892,4.0232
2893,4.0234
2894,4.0235
2895,4.0237
2896,4.0238
2897,4.024
2898,4.0242
2899,4.0243
2900,4.0245
2901,4.0246
2902,4.0248
2903,4.025
2904,4.0251
2905,4.0253
2906,4.0254
2907,4.0256
2908,4.0258
2909,4.0259
2910,4.0261
2911,4.0262
2912,4.0264
2913,4.0265
2914,4.0267
2915,4.0269
2916,4.027
2917,4.0272
2918,4.0272
2919,4.0275
2920,4.0275
2921,4.0277
2922,4.028
2923,4.0281
2924,4.0281
2925,4.0285
2926,4.0285
2927,4.0286
2928,4.0288
2929,4.0289
2930,4.0291
2931,4.0292
2932,4.0294
2933,4.0296
2934,4.0297
2935,4.0299
2936,4.03
2937,4.0302
2938,4.0304
2939,4.0305
2940,4.0307
2941,4.0308
2942,4.031
2943,4.0312
2944,4.0313
2945,4.0315
2946,4.0316
2947,4.0318
2948,4.0319
2949,4.0321
2950,4.0323
2951,4.0324
2952,4.0326
2953,4.0327
2954,4.0329
2955,4.0331
2956,4.0332
2957,4.0334
2958,4.0335
2959,4.0339
2960,4.034
2961,4.0342
2962,4.0343
2963,4.0345
2964,4.0346
2965,4.0348
2966,4.035
2967,4.0351
2968,4.0353
2969,4.0354
2970,4.0356
2971,4.0358
2972,4.0359
2973,4.0361
2974,4.0362
2975,4.0364
2976,4.0366
2977,4.0367
2978,4.0369
2979,4.037
2980,4.0372
2981,4.0375
2982,4.0377
2983,4.0378
2984,4.038
2985,4.0381
2986,4.0383
2987,4.0385
2988,4.0386
2989,4.0388
2990,4.0389
2991,4.0391
2992,4.0394
2993,4.0396
2994,4.0397
2995,4.0399
2996,4.0401
2997,4.0402
2998,4.0404
2999,4.0405
3000,4.0407
3001,4.041
3002,4.0412
3003,4.0413
3004,4.0415
3005,4.0416
3006,4.0418
3007,4.042
3008,4.0423
3009,4.0424
3010,4.0426
3011,4.0428
3012,4.0429
3013,4.0432
3014,4.0434
3015,4.0435
3016,4.0437
3017,4.0439
3018,4.0442
3019,4.0443
3020,4.0445
3021,4.0447
3022,4.045
3023,4.0451
3024,4.0453
3025,4.0455
3026,4.0458
3027,4.0459
3028,4.0461
3029,4.0462
3030,4.0466
3031,4.0467
3032,4.0469
3033,4.0472
3034,4.0474
3035,4.0475
3036,4.0477
3037,4.048
3038,4.0482
3039,4.0483
3040,4.0486
3041,4.0488
3042,4.0489
3043,4.0493
3044,4.0494
3045,4.0497
3046,4.0499
3047,4.0501
3048,4.0504
3049,4.0505
3050,4.0507
3051,4.051
3052,4.0512
3053,4.0515
3054,4.0516
3055,4.0518
3056,4.0521
3057,4.0523
3058,4.0526
3059,4.0528
3060,4.0531
3061,4.0532
3062,4.0536
3063,4.0537
3064,4.0539
3065,4.0542
3066,4.0543
3067,4.0547
3068,4.0548
3069,4.0551
3070,4.0553
3071,4.0556
3072,4.0558
3073,4.0561
3074,4.0564
3075,4.0566
3076,4.0567
3077,4.057
3078,4.0574
3079,4.0575
3080,4.0578
3081,4.058
3082,4.0583
3083,4.0585
3084,4.0588
3085,4.0591
3086,4.0593
3087,4.0596
3088,4.0597
3089,4.0601
3090,4.0604
3091,4.0605
3092,4.0609
3093,4.0612
3094,4.0613
3095,4.0617
3096,4.062
3097,4.0621
3098,4.0625
3099,4.0628
3100,4.0629
3101,4.0632
3102,4.0636
3103,4.0637
3104,4.064
3105,4.0644
3106,4.0645
3107,4.0648
3108,4.0652
3109,4.0655
3110,4.0656
3111,4.0659
3112,4.0663
3113,4.0666
3114,4.0667
3115,4.0671
3116,4.0674
3117,4.0677
3118,4.0679
3119,4.0682
3120,4.0685
3121,4.0688
3122,4.069
3123,4.0693
3124,4.0696
3125,4.0699
3126,4.0702
3127,4.0704
3128,4.0707
3129,4.071
3130,4.0713
3131,4.0717
3132,4.072
3133,4.0721
3134,4.0725
3135,4.0728
3136,4.0731
3137,4.0734
3138,4.0736
3139,4.0739
3140,4.0742
3141,4.0745
3142,4.0748
3143,4.0752
3144,4.0755
3145,4.0756
3146,4.076
3147,4.0763
3148,4.0766
3149,4.0769
3150,4.0772
3151,4.0775
3152,4.0779
3153,4.0782
3154,4.0783
3155,4.0787
3156,4.079
3157,4.0793
3158,4.0796
3159,4.0799
3160,4.0802
3161,4.0806
3162,4.0809
3163,4.081
3164,4.0814
3165,4.0817
3166,4.082
3167,4.0823
3168,4.0826
3169,4.0829
3170,4.0833
3171,4.0836
3172,4.0839
3173,4.0842
3174,4.0845
3175,4.0847
3176,4.085
3177,4.0853
3178,4.0856
3179,4.086
3180,4.0863
3181,4.0866
3182,4.0869
3183,4.0872
3184,4.0876
3185,4.0879
3186,4.0882
3187,4.0885
3188,4.0887
3189,4.089
3190,4.0893
3191,4.0896
3192,4.0899
3193,4.0903
3194,4.0906
3195,4.0909
3196,4.0912
3197,4.0915
3198,4.0918
3199,4.0922
3200,4.0925
3201,4.0928
3202,4.093
3203,4.0933
3204,4.0936
3205,4.0939
3206,4.0942
3207,4.0945
3208,4.0949
3209,4.0952
3210,4.0955
3211,4.0958
3212,4.0961
3213,4.0964
3214,4.0966
3215,4.0969
3216,4.0972
3217,4.0976
3218,4.0979
3219,4.0982
3220,4.0985
3221,4.0988
3222,4.0991
3223,4.0995
3224,4.0996
3225,4.1001
3226,4.1003
3227,4.1006
3228,4.1009
3229,4.1012
3230,4.1015
3231,4.1018
3232,4.102
3233,4.1023
3234,4.1026
3235,4.103
3236,4.1033
3237,4.1036
3238,4.1039
3239,4.1042
3240,4.1044
3241,4.1047
3242,4.105
3243,4.1053
3244,4.1057
3245,4.106
3246,4.1061
3247,4.1065
3248,4.1068
3249,4.1071
3250,4.1074
3251,4.1077
3252,4.1079
3253,4.1082
3254,4.1085
3255,4.1088
3256,4.1092
3257,4.1093
3258,4.1096
3259,4.1099
3260,4.1103
3261,4.1106
3262,4.1107
3263,4.1111
3264,4.1114
3265,4.1117
3266,4.1119
3267,4.1122
3268,4.1125
3269,4.1128
3270,4.1131
3271,4.1133
3272,4.1136
3273,4.1139
3274,4.1141
3275,4.1144
3276,4.1147
3277,4.115
3278,4.1152
3279,4.1155
3280,4.1158
3281,4.1161
3282,4.1163
3283,4.1166
3284,4.1169
3285,4.1171
3286,4.1174
3287,4.1177
3288,4.1179
3289,4.1182
3290,4.1185
3291,4.1187
3292,4.119
3293,4.1193
3294,4.1195
3295,4.1198
3296,4.1201
3297,4.1203
3298,4.1206
3299,4.1209
3300,4.1211
3301,4.1214
3302,4.1217
3303,4.1219
3304,4.1222
3305,4.1223
3306,4.1227
3307,4.1228
3308,4.1231
3309,4.1235
3310,4.1236
3311,4.1239
3312,4.1241
3313,4.1244
3314,4.1246
3315,4.1249
3316,4.1252
3317,4.1254
3318,4.1257
3319,4.1258
3320,4.1262
3321,4.1263
3322,4.1266
3323,4.1268
3324,4.1271
3325,4.1273
3326,4.1276
3327,4.1277
3328,4.1281
3329,4.1282
3330,4.1285
3331,4.1287
3332,4.129
3333,4.1292
3334,4.1295
3335,4.1296
3336,4.13
3337,4.1301
3338,4.1303
3339,4.1306
3340,4.1308
3341,4.1311
3342,4.1312
3343,4.1316
3344,4.1317
3345,4.132
3346,4.1322
3347,4.1323
3348,4.1327
3349,4.1328
3350,4.133
3351,4.1333
3352,4.1335
3353,4.1338
3354,4.1339
3355,4.1341
3356,4.1344
3357,4.1346
3358,4.1347
3359,4.135
3360,4.1352
3361,4.1354
3362,4.1357
3363,4.1358
3364,4.136
3365,4.1363
3366,4.1365
3367,4.1366
3368,4.1368
3369,4.1371
3370,4.1373
3371,4.1374
3372,4.1378
3373,4.1379
3374,4.1381
3375,4.1382
3376,4.1384
3377,4.1387
3378,4.1389
3379,4.139
3380,4.1393
3381,4.1395
3382,4.1397
3383,4.1398
3384,4.14
3385,4.1403
3386,4.1405
3387,4.1406
3388,4.1408
3389,4.1409
3390,4.1412
3391,4.1414
3392,4.1416
3393,4.1417
3394,4.1419
3395,4.142
3396,4.1422
3397,4.1425
3398,4.1427
3399,4.1428
3400,4.143
3401,4.1432
3402,4.1433
3403,4.1435
3404,4.1436
3405,4.1438
3406,4.1441
3407,4.1443
3408,4.1444
3409,4.1446
3410,4.1447
3411,4.1449
3412,4.1451
3413,4.1452
3414,4.1454
3415,4.1455
3416,4.1457
3417,4.1459
3418,4.146
3419,4.1462
3420,4.1463
3421,4.1465
3422,4.1466
3423,4.1468
3424,4.1471
3425,4.1471
3426,4.1473
3427,4.1476
3428,4.1476
3429,4.1478
3430,4.1479
3431,4.1481
3432,4.1482
3433,4.1484
3434,4.1486
3435,4.1487
3436,4.1489
3437,4.149
3438,4.1492
3439,4.1493
3440,4.1495
3441,4.1497
3442,4.1498
3443,4.15
3444,4.1501
3445,4.1503
3446,4.1503
3447,4.1505
3448,4.1506
3449,4.1508
3450,4.1509
3451,4.1511
3452,4.1513
3453,4.1513
3454,4.1514
3455,4.1516
3456,4.1517
3457,4.1519
3458,4.152
3459,4.1522
3460,4.1522
3461,4.1524
3462,4.1525
3463,4.1527
3464,4.1528
3465,4.153
3466,4.153
3467,4.1532
3468,4.1533
3469,4.1535
3470,4.1536
3471,4.1536
3472,4.1538
3473,4.154
3474,4.1541
3475,4.1541
3476,4.1543
3477,4.1544
3478,4.1546
3479,4.1547
3480,4.1547
3481,4.1549
3482,4.1551
3483,4.1551
3484,4.1552
3485,4.1554
3486,4.1555
3487,4.1555
3488,4.1557
3489,4.1559
3490,4.156
3491,4.156
3492,4.1562
3493,4.1563
3494,4.1563
3495,4.1565
3496,4.1567
3497,4.1567
3498,4.1568
3499,4.157
3500,4.1571
3501,4.1571
3502,4.1573
3503,4.1574
3504,4.1574
3505,4.1576
3506,4.1576
3507,4.1578
3508,4.1579
3509,4.1581
3510,4.1581
3511,4.1582
3512,4.1582
3513,4.1584
3514,4.1586
3515,4.1586
3516,4.1587
3517,4.1587
3518,4.1589
3519,4.159
3520,4.159
3521,4.1592
3522,4.1594
3523,4.1594
3524,4.1595
3525,4.1595
3526,4.1597
3527,4.1597
3528,4.1598
3529,4.16
3530,4.16
3531,4.1602
3532,4.1602
3533,4.1603
3534,4.1603
3535,4.1605
3536,4.1606
3537,4.1606
3538,4.1608
3539,4.1608
3540,4.1609
3541,4.1609
3542,4.1611
3543,4.1611
3544,4.1613
3545,4.1613
3546,4.1614
3547,4.1614
3548,4.1616
3549,4.1617
3550,4.1617
3551,4.1619
3552,4.1619
3553,4.1621
3554,4.1621
3555,4.1622
3556,4.1622
3557,4.1624
3558,4.1624
3559,4.1625
3560,4.1625
3561,4.1627
3562,4.1627
3563,4.1629
3564,4.1629
3565,4.163
3566,4.163
3567,4.1632
3568,4.1632
3569,4.1633
3570,4.1633
3571,4.1635
3572,4.1635
3573,4.1636
3574,4.1636
3575,4.1638
3576,4.1638
3577,4.164
3578,4.164
3579,4.1641
3580,4.1641
3581,4.1643
3582,4.1643
3583,4.1644
3584,4.1644
3585,4.1646
3586,4.1646
3587,4.1648
3588,4.1648
3589,4.1649
3590,4.1649
3591,4.1651
3592,4.1652
3593,4.1652
3594,4.1652
3595,4.1654
3596,4.1654
3597,4.1656
3598,4.1656
3599,4.1657
3600,4.1657
3601,4.1659
3602,4.1659
3603,4.166
3604,4.166
3605,4.1662
3606,4.1663
3607,4.1663
3608,4.1663
3609,4.1665
3610,4.1665
3611,4.1667
3612,4.1668
3613,4.1668
3614,4.167
3615,4.167
3616,4.1671
3617,4.1671
3618,4.1673
3619,4.1673
3620,4.1675
3621,4.1675
3622,4.1676
3623,4.1676
3624,4.1678
3625,4.1678
3626,4.1679
3627,4.1679
3628,4.1681
3629,4.1681
3630,4.1683
3631,4.1683
3632,4.1684
3633,4.1684
3634,4.1686
3635,4.1687
3636,4.1687
3637,4.1689
3638,4.1689
3639,4.169
3640,4.169
3641,4.1692
3642,4.1692
3643,4.1694
3644,4.1694
3645,4.1695
3646,4.1697
3647,4.1697
3648,4.1698
3649,4.1698
3650,4.17
3651,4.17
3652,4.1702
3653,4.1703
3654,4.1703
3655,4.1705
3656,4.1705
3657,4.1706
3658,4.1706
3659,4.1708
3660,4.171
3661,4.171
3662,4.1711
3663,4.1711
3664,4.1713
3665,4.1714
3666,4.1714
3667,4.1716
3668,4.1716
3669,4.1717
3670,4.1719
3671,4.1719
3672,4.1721
3673,4.1722
3674,4.1722
3675,4.1724
3676,4.1724
3677,4.1725
3678,4.1727
3679,4.1727
3680,4.1729
3681,4.173
3682,4.173
3683,4.1732
3684,4.1733
3685,4.1733
3686,4.1735
3687,4.1737
3688,4.1737
3689,4.1738
3690,4.174
3691,4.174
3692,4.1741
3693,4.1743
3694,4.1743
3695,4.1744
3696,4.1746
3697,4.1746
3698,4.1748
3699,4.1749
3700,4.1751
3701,4.1751
3702,4.1752
3703,4.1754
3704,4.1756
3705,4.1756
3706,4.1757
3707,4.1759
3708,4.176
3709,4.176
3710,4.1762
3711,4.1764
3712,4.1765
3713,4.1765
3714,4.1767
3715,4.1768
3716,4.177
3717,4.1771
3718,4.1771
3719,4.1773
3720,4.1775
3721,4.1776
3722,4.1778
3723,4.1778
3724,4.1779
3725,4.1781
3726,4.1783
3727,4.1784
3728,4.1786
3729,4.1787
3730,4.1787
3731,4.1789
3732,4.1791
3733,4.1792
3734,4.1794
3735,4.1795
3736,4.1797
3737,4.1798
3738,4.1798
3739,4.18
3740,4.1802
3741,4.1803
3742,4.1805
3743,4.1806
3744,4.1808
3745,4.181
3746,4.1811
3747,4.1813
3748,4.1814
3749,4.1816
3750,4.1818
3751,4.1819
3752,4.1821
3753,4.1822
3754,4.1824
3755,4.1825
3756,4.1827
3757,4.1829
3758,4.183
3759,4.1832
3760,4.1833
3761,4.1835
3762,4.1837
3763,4.184
3764,4.1841
3765,4.1843
3766,4.1845
3767,4.1846
3768,4.1848
3769,4.1849
3770,4.1851
3771,4.1854
3772,4.1856
3773,4.1857
3774,4.1859
3775,4.186
3776,4.1864
3777,4.1865
3778,4.1867
3779,4.1868
3780,4.1872
3781,4.1873
3782,4.1875
3783,4.1876
3784,4.188
3785,4.1881
3786,4.1883
3787,4.1884
3788,4.1887
3789,4.1889
3790,4.1892
3791,4.1894
3792,4.1895
3793,4.1899
3794,4.19
3795,4.1902
3796,4.1905
3797,4.1907
3798,4.191
3799,4.1911
3800,4.1914
3801,4.1916
3802,4.1919
3803,4.1921
3804,4.1924
3805,4.1926
3806,4.1929
3807,4.193
3808,4.1934
3809,4.1937
3810,4.1938
3811,4.1941
3812,4.1943
3813,4.1946
3814,4.1949
3815,4.1951
3816,4.1954
3817,4.1957
3818,4.1961
3819,4.1962
3820,4.1965
3821,4.1968
3822,4.1972
3823,4.1973
3824,4.1976
3825,4.198
3826,4.1983
3827,4.1986
3828,4.1989
3829,4.1992
3830,4.1995
3831,4.1997
3832,4.2
3833,4.2003
3834,4.2007
3835,4.201
3836,4.2013
3837,4.2018
3838,4.2021
3839,4.2024
3840,4.2027
3841,4.203
3842,4.2034
3843,4.2037
3844,4.204
3845,4.2045
3846,4.2048
3847,4.2051
3848,4.2054
3849,4.2059
3850,4.2062
3851,4.2065
3852,4.207
3853,4.2073
3854,4.2078
3855,4.2081
3856,4.2084
3857,4.2089
3858,4.2092
3859,4.2097
3860,4.21
3861,4.2105
3862,4.211
3863,4.2113
3864,4.2118
3865,4.2123
3866,4.2126
3867,4.2131
3868,4.2135
3869,4.214
3870,4.2143
3871,4.2148
3872,4.2153
3873,4.2158
3874,4.2162
3875,4.2167
3876,4.2172
3877,4.2177
3878,4.2181
3879,4.2186
3880,4.2191
3881,4.2196
3882,4.22
3883,4.2205
3884,4.221
3885,4.2216
3886,4.2221
3887,4.2226
3888,4.2231
3889,4.2237
3890,4.2242
3891,4.2248
3892,4.2253
3893,4.2259
3894,4.2264
3895,4.227
3896,4.2275
3897,4.2281
3898,4.2286
3899,4.2293
3900,4.2299
3901,4.2305
3902,4.231
3903,4.2316
3904,4.2323
3905,4.2329
3906,4.2335
3907,4.234
3908,4.2347
3909,4.2353
3910,4.2359
3911,4.2367
3912,4.2374
3913,4.238
3914,4.2386
3915,4.2393
3916,4.2399
3917,4.2405
3918,4.2413
3919,4.242
3920,4.2428
3921,4.2434
3922,4.244
3923,4.2448
3924,4.2455
3925,4.2463
3926,4.247
3927,4.2477
3928,4.2485
3929,4.2493
3930,4.2499
3931,4.2507
3932,4.2515
3933,4.2523
3934,4.2531
3935,4.2539
3936,4.2547
3937,4.2555
3938,4.2561
3939,4.2571
3940,4.2579
3941,4.2586
3942,4.2594
3943,4.2602
3944,4.261
3945,4.262
3946,4.2628
3947,4.2636
3948,4.2645
3949,4.2653
3950,4.2663
3951,4.2671
3952,4.268
3953,4.2688
3954,4.2698
3955,4.2707
3956,4.2715
3957,4.2725
3958,4.2734
3959,4.2744
3960,4.2753
3961,4.2761
3962,4.2771
3963,4.278
3964,4.279
3965,4.2799
3966,4.2809
3967,4.2818
3968,4.283
3969,4.2839
3970,4.2849
3971,4.2858
3972,4.2868
3973,4.2879
3974,4.2888
3975,4.2898
3976,4.2909
3977,4.292
3978,4.293
3979,4.2939
3980,4.295
3981,4.2961
3982,4.2971
3983,4.2982
3984,4.2992
3985,4.3003
3986,4.3003
3987,4.3003
3988,4.3003
3989,4.3003
3990,4.3003
3991,4.3004
3992,4.3003
3993,4.3003
3994,4.2982
3995,4.2963
3996,4.2955
3997,4.2949
3998,4.2944
3999,4.2939
4000,4.2936
4001,4.2933
4002,4.293
4003,4.2928
4004,4.2925
4005,4.2924
4006,4.292
4007,4.2919
4008,4.2917
4009,4.2916
4010,4.2914
4011,4.2912
4012,4.2911
4013,4.2909
4014,4.2909
4015,4.2908
4016,4.2906
4017,4.2905
4018,4.2903
4019,4.2903
4020,4.2901
4021,4.29
4022,4.29
4023,4.2898
4024,4.2898
4025,4.2897
4026,4.2895
4027,4.2895
4028,4.2893
4029,4.2893
4030,4.2892
4031,4.2892
4032,4.289
4033,4.289
4034,4.2889
4035,4.2889
4036,4.2887
4037,4.2887
4038,4.2885
4039,4.2885
4040,4.2884
4041,4.2884
4042,4.2884
4043,4.2882
4044,4.2882
4045,4.2881
4046,4.2881
4047,4.2879
4048,4.2879
4049,4.2878
4050,4.2878
4051,4.2878
4052,4.2876
4053,4.2876
4054,4.2874
4055,4.2874
4056,4.2874
4057,4.2873
4058,4.2873
4059,4.2873
4060,4.2871
4061,4.2871
4062,4.2871
4063,4.287
4064,4.287
4065,4.287
4066,4.2868
4067,4.2868
4068,4.2868
4069,4.2866
4070,4.2866
4071,4.2866
4072,4.2865
4073,4.2865
4074,4.2863
4075,4.2863
4076,4.2863
4077,4.2863
4078,4.2862
4079,4.2862
4080,4.2862
4081,4.286
4082,4.286
4083,4.286
4084,4.286
4085,4.2858
4086,4.2858
4087,4.2857
4088,4.2857
4089,4.2857
4090,4.2857
4091,4.2855
4092,4.2855
4093,4.2855
4094,4.2854
4095,4.2854
4096,4.2854
4097,4.2854
4098,4.2852
4099,4.2852
4100,4.2852
4101,4.2852
4102,4.2851
4103,4.2851
4104,4.2851
4105,4.2849
4106,4.2849
4107,4.2849
4108,4.2849
4109,4.2847
4110,4.2847
4111,4.2847
4112,4.2847
4113,4.2846
4114,4.2846
4115,4.2846
4116,4.2846
4117,4.2846
4118,4.2844
4119,4.2844
4120,4.2844
4121,4.2843
4122,4.2843
4123,4.2843
4124,4.2843
4125,4.2841
4126,4.2841
4127,4.2841
4128,4.2841
4129,4.2839
4130,4.2839
4131,4.2839
4132,4.2839
4133,4.2838
4134,4.2838
4135,4.2838
4136,4.2838
4137,4.2836
4138,4.2836
4139,4.2836
4140,4.2836
4141,4.2836
4142,4.2835
4143,4.2835
4144,4.2835
4145,4.2835
4146,4.2833
4147,4.2833
4148,4.2833
4149,4.2833
4150,4.2833
4151,4.2831
4152,4.2831
4153,4.2831
4154,4.2831
4155,4.2831
4156,4.283
4157,4.283
4158,4.283
4159,4.283
4160,4.2828
4161,4.2828
4162,4.2828
4163,4.2828
4164,4.2828
4165,4.2827
4166,4.2827
4167,4.2827
4168,4.2827
4169,4.2825
4170,4.2825
4171,4.2825
4172,4.2825
4173,4.2825
4174,4.2825
4175,4.2771
4176,4.2728
4177,4.2706
4178,4.2687
4179,4.2669
4180,4.2654
4181,4.2639
4182,4.2625
4183,4.2611
4184,4.2598
4185,4.2585
4186,4.2572
4187,4.256
4188,4.2549
4189,4.2538
4190,4.2525
4191,4.2514
4192,4.2503
4193,4.2491
4194,4.248
4195,4.2469
4196,4.246
4197,4.2449
4198,4.2439
4199,4.2428
4200,4.2418
4201,4.2409
4202,4.2398
4203,4.2388
4204,4.2379
4205,4.2369
4206,4.236
4207,4.235
4208,4.2341
4209,4.2333
4210,4.2323
4211,4.2314
4212,4.2306
4213,4.2296
4214,4.2288
4215,4.2279
4216,4.2271
4217,4.2261
4218,4.2253
4219,4.2245
4220,4.2237
4221,4.2229
4222,4.222
4223,4.2213
4224,4.2205
4225,4.2198
4226,4.219
4227,4.2182
4228,4.2174
4229,4.2167
4230,4.2159
4231,4.2151
4232,4.2145
4233,4.2137
4234,4.2131
4235,4.2123
4236,4.2116
4237,4.2109
4238,4.2102
4239,4.2096
4240,4.2089
4241,4.2082
4242,4.2075
4243,4.2069
4244,4.2062
4245,4.2056
4246,4.205
4247,4.2043
4248,4.2037
4249,4.2031
4250,4.2026
4251,4.202
4252,4.2013
4253,4.2007
4254,4.2002
4255,4.1996
4256,4.1991
4257,4.1985
4258,4.1978
4259,4.1974
4260,4.1969
4261,4.1962
4262,4.1958
4263,4.1953
4264,4.1946
4265,4.1942
4266,4.1937
4267,4.1932
4268,4.1926
4269,4.1921
4270,4.1916
4271,4.1912
4272,4.1907
4273,4.1902
4274,4.1897
4275,4.1892
4276,4.1889
4277,4.1885
4278,4.188
4279,4.1875
4280,4.187
4281,4.1867
4282,4.1862
4283,4.1858
4284,4.1853
4285,4.185
4286,4.1845
4287,4.1842
4288,4.1837
4289,4.1834
4290,4.1829
4291,4.1826
4292,4.1821
4293,4.1818
4294,4.1815
4295,4.181
4296,4.1807
4297,4.1804
4298,4.1799
4299,4.1796
4300,4.1792
4301,4.1789
4302,4.1784
4303,4.1781
4304,4.1778
4305,4.1775
4306,4.1772
4307,4.1769
4308,4.1765
4309,4.1762
4310,4.1759
4311,4.1756
4312,4.1753
4313,4.1749
4314,4.1746
4315,4.1743
4316,4.174
4317,4.1737
4318,4.1735
4319,4.1732
4320,4.1729
4321,4.1726
4322,4.1722
4323,4.1721
4324,4.1718
4325,4.1715
4326,4.1713
4327,4.171
4328,4.1707
4329,4.1705
4330,4.1702
4331,4.1699
4332,4.1697
4333,4.1694
4334,4.1692
4335,4.1689
4336,4.1688
4337,4.1684
4338,4.1683
4339,4.168
4340,4.1678
4341,4.1675
4342,4.1673
4343,4.167
4344,4.1668
4345,4.1667
4346,4.1664
4347,4.1662
4348,4.1661
4349,4.1657
4350,4.1656
4351,4.1654
4352,4.1651
4353,4.1649
4354,4.1648
4355,4.1645
4356,4.1643
4357,4.1641
4358,4.164
4359,4.1637
4360,4.1635
4361,4.1634
4362,4.1632
4363,4.163
4364,4.1629
4365,4.1626
4366,4.1624
4367,4.1622
4368,4.1621
4369,4.1619
4370,4.1618
4371,4.1616
4372,4.1614
4373,4.1613
4374,4.1611
4375,4.161
4376,4.1606
4377,4.1605
4378,4.1603
4379,4.1602
4380,4.16
4381,4.1599
4382,4.1597
4383,4.1595
4384,4.1594
4385,4.1594
4386,4.1592
4387,4.1591
4388,4.1589
4389,4.1587
4390,4.1586
4391,4.1584
4392,4.1583
4393,4.1581
4394,4.1579
4395,4.1578
4396,4.1576
4397,4.1576
4398,4.1575
4399,4.1573
4400,4.1572
4401,4.157
4402,4.1568
4403,4.1567
4404,4.1567
4405,4.1565
4406,4.1564
4407,4.1562
4408,4.156
4409,4.156
4410,4.1559
4411,4.1557
4412,4.1556
4413,4.1556
4414,4.1554
4415,4.1552
4416,4.1551
4417,4.1549
4418,4.1549
4419,4.1548
4420,4.1546
4421,4.1546
4422,4.1545
4423,4.1543
4424,4.1541
4425,4.1541
4426,4.154
4427,4.1538
4428,4.1538
4429,4.1537
4430,4.1535
4431,4.1535
4432,4.1533
4433,4.1532
4434,4.1532
4435,4.153
4436,4.1529
4437,4.1529
4438,4.1527
4439,4.1525
4440,4.1525
4441,4.1524
4442,4.1524
4443,4.1522
4444,4.1521
4445,4.1521
4446,4.1519
4447,4.1519
4448,4.1518
4449,4.1516
4450,4.1516
4451,4.1514
4452,4.1513
4453,4.1513
4454,4.1511
4455,4.1511
4456,4.151
4457,4.151
4458,4.1508
4459,4.1506
4460,4.1506
4461,4.1505
4462,4.1505
4463,4.1503
4464,4.1503
4465,4.1502
4466,4.1502
4467,4.15
4468,4.15
4469,4.1498
4470,4.1497
4471,4.1497
4472,4.1495
4473,4.1495
4474,4.1494
4475,4.1494
4476,4.1492
4477,4.1492
4478,4.1491
4479,4.1491
4480,4.1489
4481,4.1489
4482,4.1487
4483,4.1487
4484,4.1486
4485,4.1486
4486,4.1484
4487,4.1484
4488,4.1483
4489,4.1483
4490,4.1481
4491,4.1481
4492,4.1479
4493,4.1479
4494,4.1478
4495,4.1478
4496,4.1476
4497,4.1476
4498,4.1475
4499,4.1475
4500,4.1473
4501,4.1473
4502,4.1471
4503,4.1471
4504,4.147
4505,4.147
4506,4.1468
4507,4.1468
4508,4.1467
4509,4.1467
4510,4.1465
4511,4.1465
4512,4.1464
4513,4.1464
4514,4.1464
4515,4.1462
4516,4.1462
4517,4.146
4518,4.146
4519,4.1459
4520,4.1459
4521,4.1457
4522,4.1457
4523,4.1456
4524,4.1456
4525,4.1454
4526,4.1454
4527,4.1454
4528,4.1452
4529,4.1452
4530,4.1451
4531,4.1451
4532,4.1449
4533,4.1449
4534,4.1448
4535,4.1448
4536,4.1446
4537,4.1446
4538,4.1444
4539,4.1444
4540,4.1444
4541,4.1443
4542,4.1443
4543,4.1441
4544,4.1441
4545,4.144
4546,4.144
4547,4.1438
4548,4.1438
4549,4.1438
4550,4.1437
4551,4.1437
4552,4.1435
4553,4.1435
4554,4.1433
4555,4.1433
4556,4.1432
4557,4.1432
4558,4.143
4559,4.143
4560,4.1429
4561,4.1429
4562,4.1429
4563,4.1427
4564,4.1427
4565,4.1425
4566,4.1425
4567,4.1424
4568,4.1424
4569,4.1422
4570,4.1422
4571,4.1422
4572,4.1421
4573,4.1421
4574,4.1419
4575,4.1419
4576,4.1417
4577,4.1417
4578,4.1416
4579,4.1416
4580,4.1414
4581,4.1414
4582,4.1413
4583,4.1413
4584,4.1413
4585,4.1411
4586,4.1411
4587,4.1409
4588,4.1409
4589,4.1408
4590,4.1408
4591,4.1406
4592,4.1406
4593,4.1405
4594,4.1405
4595,4.1403
4596,4.1403
4597,4.1403
4598,4.1402
4599,4.14
4600,4.14
4601,4.14
4602,4.1398
4603,4.1398
4604,4.1397
4605,4.1397
4606,4.1395
4607,4.1395
4608,4.1394
4609,4.1394
4610,4.1392
4611,4.1392
4612,4.139
4613,4.139
4614,4.1389
4615,4.1389
4616,4.1387
4617,4.1387
4618,4.1386
4619,4.1386
4620,4.1384
4621,4.1384
4622,4.1382
4623,4.1382
4624,4.1381
4625,4.1381
4626,4.1379
4627,4.1379
4628,4.1378
4629,4.1376
4630,4.1376
4631,4.1375
4632,4.1375
4633,4.1375
4634,4.1373
4635,4.1371
4636,4.1371
4637,4.137
4638,4.137
4639,4.1368
4640,4.1368
4641,4.1367
4642,4.1365
4643,4.1365
4644,4.1363
4645,4.1363
4646,4.1362
4647,4.1362
4648,4.136
4649,4.136
4650,4.1359
4651,4.1357
4652,4.1357
4653,4.1355
4654,4.1355
4655,4.1354
4656,4.1352
4657,4.1352
4658,4.1351
4659,4.1351
4660,4.1349
4661,4.1348
4662,4.1348
4663,4.1346
4664,4.1344
4665,4.1344
4666,4.1344
4667,4.1344
4668,4.1343
4669,4.1343
4670,4.1341
4671,4.1341
4672,4.1341
4673,4.1341
4674,4.134
4675,4.134
4676,4.134
4677,4.134
4678,4.1338
4679,4.1338
4680,4.1336
4681,4.1336
4682,4.1336
4683,4.1336
4684,4.1335
4685,4.1335
4686,4.1333
4687,4.1333
4688,4.1333
4689,4.1333
4690,4.1332
4691,4.1332
4692,4.133
4693,4.133
4694,4.1328
4695,4.1328
4696,4.1328
4697,4.1328
4698,4.1327
4699,4.1327
4700,4.1325
4701,4.1325
4702,4.1325
4703,4.1325
4704,4.1324
4705,4.1324
4706,4.1322
4707,4.1322
4708,4.1321
4709,4.1319
4710,4.1317
4711,4.1317
4712,4.1316
4713,4.1314
4714,4.1313
4715,4.1313
4716,4.1311
4717,4.1309
4718,4.1308
4719,4.1308
4720,4.1306
4721,4.1305
4722,4.1303
4723,4.1301
4724,4.1301
4725,4.13
4726,4.1298
4727,4.1297
4728,4.1295
4729,4.1294
4730,4.1294
4731,4.1292
4732,4.129
4733,4.1289
4734,4.1287
4735,4.1286
4736,4.1284
4737,4.1284
4738,4.1282
4739,4.1281
4740,4.1279
4741,4.1278
4742,4.1276
4743,4.1274
4744,4.1273
4745,4.1271
4746,4.127
4747,4.1268
4748,4.1267
4749,4.1265
4750,4.1265
4751,4.1263
4752,4.1262
4753,4.126
4754,4.1259
4755,4.1257
4756,4.1255
4757,4.1254
4758,4.1252
4759,4.1251
4760,4.1249
4761,4.1247
4762,4.1246
4763,4.1244
4764,4.1241
4765,4.1239
4766,4.1238
4767,4.1236
4768,4.1235
4769,4.1233
4770,4.1232
4771,4.123
4772,4.1228
4773,4.1227
4774,4.1225
4775,4.1224
4776,4.122
4777,4.1219
4778,4.1217
4779,4.1216
4780,4.1214
4781,4.1212
4782,4.1211
4783,4.1209
4784,4.1206
4785,4.1205
4786,4.1203
4787,4.1201
4788,4.12
4789,4.1197
4790,4.1195
4791,4.1193
4792,4.1192
4793,4.1189
4794,4.1187
4795,4.1185
4796,4.1184
4797,4.1181
4798,4.1179
4799,4.1178
4800,4.1176
4801,4.1173
4802,4.1171
4803,4.117
4804,4.1168
4805,4.1165
4806,4.1163
4807,4.116
4808,4.1158
4809,4.1157
4810,4.1154
4811,4.1152
4812,4.1151
4813,4.1147
4814,4.1146
4815,4.1144
4816,4.1141
4817,4.1139
4818,4.1138
4819,4.1135
4820,4.1133
4821,4.113
4822,4.1128
4823,4.1127
4824,4.1124
4825,4.1122
4826,4.1119
4827,4.1117
4828,4.1114
4829,4.1112
4830,4.1109
4831,4.1108
4832,4.1106
4833,4.1103
4834,4.1101
4835,4.1098
4836,4.1097
4837,4.1093
4838,4.1092
4839,4.1089
4840,4.1085
4841,4.1084
4842,4.1081
4843,4.1079
4844,4.1076
4845,4.1074
4846,4.1071
4847,4.1069
4848,4.1066
4849,4.1065
4850,4.1062
4851,4.1058
4852,4.1057
4853,4.1054
4854,4.1052
4855,4.1049
4856,4.1046
4857,4.1044
4858,4.1041
4859,4.1038
4860,4.1036
4861,4.1033
4862,4.103
4863,4.1028
4864,4.1025
4865,4.1023
4866,4.102
4867,4.1017
4868,4.1014
4869,4.1012
4870,4.1009
4871,4.1006
4872,4.1004
4873,4.1001
4874,4.0998
4875,4.0996
4876,4.0993
4877,4.099
4878,4.0987
4879,4.0985
4880,4.0982
4881,4.0979
4882,4.0976
4883,4.0974
4884,4.0971
4885,4.0968
4886,4.0965
4887,4.0961
4888,4.096
4889,4.0957
4890,4.0954
4891,4.095
4892,4.0949
4893,4.0946
4894,4.0942
4895,4.0939
4896,4.0936
4897,4.0934
4898,4.0931
4899,4.0928
4900,4.0925
4901,4.0922
4902,4.0919
4903,4.0915
4904,4.0914
4905,4.0911
4906,4.0907
4907,4.0904
4908,4.0901
4909,4.0898
4910,4.0895
4911,4.0893
4912,4.089
4913,4.0887
4914,4.0884
4915,4.088
4916,4.0877
4917,4.0874
4918,4.0871
4919,4.0868
4920,4.0865
4921,4.0863
4922,4.086
4923,4.0857
4924,4.0853
4925,4.085
4926,4.0847
4927,4.0844
4928,4.0841
4929,4.0838
4930,4.0834
4931,4.0831
4932,4.0828
4933,4.0825
4934,4.0822
4935,4.082
4936,4.0817
4937,4.0814
4938,4.0811
4939,4.0807
4940,4.0804
4941,4.0801
4942,4.0798
4943,4.0795
4944,4.0791
4945,4.0788
4946,4.0785
4947,4.0782
4948,4.0779
4949,4.0776
4950,4.0772
4951,4.0769
4952,4.0766
4953,4.0763
4954,4.076
4955,4.0757
4956,4.0753
4957,4.075
4958,4.0747
4959,4.0744
4960,4.0741
4961,4.0737
4962,4.0734
4963,4.0731
4964,4.0728
4965,4.0725
4966,4.0722
4967,4.0718
4968,4.0715
4969,4.0712
4970,4.0709
4971,4.0706
4972,4.0702
4973,4.0699
4974,4.0696
4975,4.0693
4976,4.069
4977,4.0687
4978,4.0683
4979,4.068
4980,4.0677
4981,4.0674
4982,4.0671
4983,4.0668
4984,4.0664
4985,4.0661
4986,4.0658
4987,4.0655
4988,4.0652
4989,4.0648
4990,4.0645
4991,4.0642
4992,4.0639
4993,4.0636
4994,4.0633
4995,4.0629
4996,4.0626
4997,4.0623
4998,4.062
4999,4.0617
5000,4.0614
5001,4.061
5002,4.0607
5003,4.0604
5004,4.0601
5005,4.0598
5006,4.0594
5007,4.0593
5008,4.059
5009,4.0587
5010,4.0583
5011,4.058
5012,4.0577
5013,4.0574
5014,4.0571
5015,4.0567
5016,4.0564
5017,4.0561
5018,4.0558
5019,4.0555
5020,4.0552
5021,4.0548
5022,4.0545
5023,4.0544
5024,4.054
5025,4.0537
5026,4.0534
5027,4.0531
5028,4.0528
5029,4.0525
5030,4.0521
5031,4.0518
5032,4.0515
5033,4.0513
5034,4.051
5035,4.0507
5036,4.0504
5037,4.0501
5038,4.0498
5039,4.0494
5040,4.0493
5041,4.049
5042,4.0486
5043,4.0483
5044,4.048
5045,4.0477
5046,4.0475
5047,4.0472
5048,4.0469
5049,4.0466
5050,4.0463
5051,4.0461
5052,4.0458
5053,4.0455
5054,4.0451
5055,4.0448
5056,4.0447
5057,4.0444
5058,4.044
5059,4.0437
5060,4.0436
5061,4.0432
5062,4.0429
5063,4.0426
5064,4.0424
5065,4.0421
5066,4.0418
5067,4.0417
5068,4.0413
5069,4.041
5070,4.0407
5071,4.0405
5072,4.0402
5073,4.0399
5074,4.0397
5075,4.0394
5076,4.0391
5077,4.0389
5078,4.0386
5079,4.0383
5080,4.0382
5081,4.0378
5082,4.0375
5083,4.0374
5084,4.037
5085,4.0369
5086,4.0366
5087,4.0362
5088,4.0361
5089,4.0358
5090,4.0356
5091,4.0353
5092,4.035
5093,4.0348
5094,4.0345
5095,4.0343
5096,4.034
5097,4.0339
5098,4.0335
5099,4.0334
5100,4.0331
5101,4.0329
5102,4.0326
5103,4.0324
5104,4.0321
5105,4.0318
5106,4.0316
5107,4.0315
5108,4.0312
5109,4.031
5110,4.0307
5111,4.0305
5112,4.0302
5113,4.0301
5114,4.0297
5115,4.0296
5116,4.0293
5117,4.0291
5118,4.0289
5119,4.0286
5120,4.0285
5121,4.0281
5122,4.028
5123,4.0278
5124,4.0275
5125,4.0274
5126,4.027
5127,4.0269
5128,4.0267
5129,4.0264
5130,4.0262
5131,4.0261
5132,4.0258
5133,4.0256
5134,4.0254
5135,4.0251
5136,4.025
5137,4.0248
5138,4.0245
5139,4.0243
5140,4.0242
5141,4.0239
5142,4.0237
5143,4.0235
5144,4.0232
5145,4.0231
5146,4.0229
5147,4.0227
5148,4.0224
5149,4.0223
5150,4.0221
5151,4.022
5152,4.0218
5153,4.0215
5154,4.0213
5155,4.0212
5156,4.021
5157,4.0207
5158,4.0205
5159,4.0204
5160,4.0202
5161,4.02
5162,4.0197
5163,4.0196
5164,4.0194
5165,4.0192
5166,4.0191
5167,4.0188
5168,4.0186
5169,4.0185
5170,4.0183
5171,4.0181
5172,4.018
5173,4.0178
5174,4.0175
5175,4.0173
5176,4.0172
5177,4.017
5178,4.0169
5179,4.0167
5180,4.0165
5181,4.0162
5182,4.0161
5183,4.0159
5184,4.0158
5185,4.0156
5186,4.0154
5187,4.0153
5188,4.0151
5189,4.015
5190,4.0148
5191,4.0145
5192,4.0143
5193,4.0142
5194,4.014
5195,4.0138
5196,4.0137
5197,4.0135
5198,4.0134
5199,4.0132
5200,4.0131
5201,4.0129
5202,4.0127
5203,4.0126
5204,4.0124
5205,4.0121
5206,4.0119
5207,4.0118
5208,4.0116
5209,4.0115
5210,4.0113
5211,4.0111
5212,4.011
5213,4.0108
5214,4.0107
5215,4.0105
5216,4.0104
5217,4.0102
5218,4.01
5219,4.0099
5220,4.0097
5221,4.0096
5222,4.0094
5223,4.0092
5224,4.0091
5225,4.0089
5226,4.0088
5227,4.0086
5228,4.0084
5229,4.0083
5230,4.0081
5231,4.008
5232,4.0078
5233,4.0077
5234,4.0075
5235,4.0073
5236,4.0072
5237,4.007
5238,4.0069
5239,4.0067
5240,4.0065
5241,4.0064
5242,4.0062
5243,4.0061
5244,4.0059
5245,4.0057
5246,4.0056
5247,4.0054
5248,4.0053
5249,4.0051
5250,4.005
5251,4.0048
5252,4.0046
5253,4.0045
5254,4.0043
5255,4.004
5256,4.004
5257,4.0038
5258,4.0035
5259,4.0035
5260,4.0032
5261,4.003
5262,4.0029
5263,4.0027
5264,4.0026
5265,4.0024
5266,4.0022
5267,4.0021
5268,4.0019
5269,4.0018
5270,4.0016
5271,4.0015
5272,4.0013
5273,4.0011
5274,4.001
5275,4.0008
5276,4.0007
5277,4.0005
5278,4.0003
5279,4.0002
5280,4.0
5281,3.9999
5282,3.9997
5283,3.9995
5284,3.9994
5285,3.9992
5286,3.9991
5287,3.9989
5288,3.9988
5289,3.9986
5290,3.9983
5291,3.9981
5292,3.998
5293,3.9978
5294,3.9976
5295,3.9975
5296,3.9973
5297,3.9972
5298,3.997
5299,3.9968
5300,3.9967
5301,3.9965
5302,3.9964
5303,3.9962
5304,3.9959
5305,3.9957
5306,3.9956
5307,3.9954
5308,3.9953
5309,3.9951
5310,3.9949
5311,3.9948
5312,3.9946
5313,3.9943
5314,3.9941
5315,3.994
5316,3.9938
5317,3.9937
5318,3.9935
5319,3.9934
5320,3.9932
5321,3.9929
5322,3.9927
5323,3.9926
5324,3.9924
5325,3.9922
5326,3.9921
5327,3.9918
5328,3.9916
5329,3.9914
5330,3.9913
5331,3.9911
5332,3.991
5333,3.9907
5334,3.9905
5335,3.9903
5336,3.9902
5337,3.99
5338,3.9897
5339,3.9895
5340,3.9894
5341,3.9892
5342,3.9891
5343,3.9887
5344,3.9886
5345,3.9884
5346,3.9883
5347,3.988
5348,3.9878
5349,3.9876
5350,3.9875
5351,3.9873
5352,3.987
5353,3.9868
5354,3.9867
5355,3.9864
5356,3.9862
5357,3.986
5358,3.9859
5359,3.9856
5360,3.9854
5361,3.9852
5362,3.9849
5363,3.9848
5364,3.9846
5365,3.9843
5366,3.9841
5367,3.984
5368,3.9838
5369,3.9835
5370,3.9833
5371,3.9832
5372,3.9829
5373,3.9827
5374,3.9825
5375,3.9822
5376,3.9821
5377,3.9818
5378,3.9816
5379,3.9814
5380,3.9811
5381,3.981
5382,3.9806
5383,3.9805
5384,3.9803
5385,3.98
5386,3.9798
5387,3.9795
5388,3.9794
5389,3.9792
5390,3.9789
5391,3.9787
5392,3.9784
5393,3.9783
5394,3.9779
5395,3.9778
5396,3.9776
5397,3.9773
5398,3.9771
5399,3.9768
5400,3.9767
5401,3.9764
5402,3.9762
5403,3.9759
5404,3.9757
5405,3.9754
5406,3.9752
5407,3.9749
5408,3.9748
5409,3.9744
5410,3.9743
5411,3.974
5412,3.9738
5413,3.9735
5414,3.9733
5415,3.973
5416,3.9727
5417,3.9725
5418,3.9722
5419,3.9721
5420,3.9717
5421,3.9716
5422,3.9713
5423,3.9711
5424,3.9708
5425,3.9706
5426,3.9703
5427,3.97
5428,3.9698
5429,3.9695
5430,3.9692
5431,3.969
5432,3.9687
5433,3.9686
5434,3.9682
5435,3.9679
5436,3.9678
5437,3.9675
5438,3.9671
5439,3.967
5440,3.9667
5441,3.9665
5442,3.9662
5443,3.9659
5444,3.9657
5445,3.9654
5446,3.9651
5447,3.9649
5448,3.9646
5449,3.9643
5450,3.9641
5451,3.9638
5452,3.9635
5453,3.9633
5454,3.963
5455,3.9627
5456,3.9625
5457,3.9622
5458,3.9619
5459,3.9617
5460,3.9614
5461,3.9611
5462,3.9609
5463,3.9606
5464,3.9603
5465,3.96
5466,3.9598
5467,3.9595
5468,3.9592
5469,3.9589
5470,3.9587
5471,3.9584
5472,3.9581
5473,3.9578
5474,3.9576
5475,3.9573
5476,3.957
5477,3.9567
5478,3.9565
5479,3.9562
5480,3.9559
5481,3.9555
5482,3.9554
5483,3.9551
5484,3.9547
5485,3.9544
5486,3.9543
5487,3.954
5488,3.9536
5489,3.9533
5490,3.9532
5491,3.9528
5492,3.9525
5493,3.9522
5494,3.9519
5495,3.9517
5496,3.9514
5497,3.9511
5498,3.9508
5499,3.9505
5500,3.9503
5501,3.95
5502,3.9497
5503,3.9493
5504,3.9492
5505,3.9489
5506,3.9485
5507,3.9482
5508,3.9479
5509,3.9478
5510,3.9474
5511,3.9471
5512,3.9468
5513,3.9465
5514,3.9463
5515,3.946
5516,3.9457
5517,3.9454
5518,3.9451
5519,3.9449
5520,3.9446
5521,3.9443
5522,3.9439
5523,3.9438
5524,3.9435
5525,3.9431
5526,3.9428
5527,3.9425
5528,3.9424
5529,3.942
5530,3.9417
5531,3.9414
5532,3.9411
5533,3.9409
5534,3.9406
5535,3.9403
5536,3.94
5537,3.9397
5538,3.9395
5539,3.9392
5540,3.9389
5541,3.9385
5542,3.9382
5543,3.9381
5544,3.9377
5545,3.9374
5546,3.9371
5547,3.937
5548,3.9366
5549,3.9363
5550,3.936
5551,3.9358
5552,3.9355
5553,3.9352
5554,3.9349
5555,3.9346
5556,3.9344
5557,3.9341
5558,3.9338
5559,3.9335
5560,3.9333
5561,3.933
5562,3.9327
5563,3.9323
5564,3.9322
5565,3.9319
5566,3.9315
5567,3.9312
5568,3.9311
5569,3.9308
5570,3.9304
5571,3.9301
5572,3.93
5573,3.9296
5574,3.9293
5575,3.9292
5576,3.9288
5577,3.9285
5578,3.9282
5579,3.9281
5580,3.9277
5581,3.9274
5582,3.9271
5583,3.9269
5584,3.9266
5585,3.9263
5586,3.9261
5587,3.9258
5588,3.9255
5589,3.9252
5590,3.925
5591,3.9247
5592,3.9244
5593,3.9242
5594,3.9239
5595,3.9236
5596,3.9234
5597,3.9231
5598,3.9228
5599,3.9227
5600,3.9223
5601,3.922
5602,3.9219
5603,3.9215
5604,3.9212
5605,3.9211
5606,3.9207
5607,3.9204
5608,3.9203
5609,3.92
5610,3.9196
5611,3.9195
5612,3.9192
5613,3.9188
5614,3.9187
5615,3.9184
5616,3.918
5617,3.9179
5618,3.9176
5619,3.9174
5620,3.9171
5621,3.9168
5622,3.9166
5623,3.9163
5624,3.916
5625,3.9158
5626,3.9155
5627,3.9153
5628,3.915
5629,3.9149
5630,3.9145
5631,3.9142
5632,3.9141
5633,3.9138
5634,3.9136
5635,3.9133
5636,3.913
5637,3.9128
5638,3.9125
5639,3.9123
5640,3.912
5641,3.9117
5642,3.9115
5643,3.9112
5644,3.9111
5645,3.9107
5646,3.9106
5647,3.9103
5648,3.9101
5649,3.9098
5650,3.9095
5651,3.9093
5652,3.909
5653,3.9088
5654,3.9085
5655,3.9084
5656,3.908
5657,3.9079
5658,3.9076
5659,3.9074
5660,3.9071
5661,3.9068
5662,3.9066
5663,3.9063
5664,3.9061
5665,3.9058
5666,3.9057
5667,3.9053
5668,3.9052
5669,3.9049
5670,3.9047
5671,3.9044
5672,3.9042
5673,3.9039
5674,3.9037
5675,3.9034
5676,3.9033
5677,3.903
5678,3.9028
5679,3.9025
5680,3.9023
5681,3.9022
5682,3.9018
5683,3.9015
5684,3.9014
5685,3.901
5686,3.9009
5687,3.9006
5688,3.9004
5689,3.9001
5690,3.8999
5691,3.8996
5692,3.8995
5693,3.8991
5694,3.899
5695,3.8987
5696,3.8985
5697,3.8982
5698,3.898
5699,3.8979
5700,3.8975
5701,3.8974
5702,3.8971
5703,3.8969
5704,3.8966
5705,3.8964
5706,3.8961
5707,3.896
5708,3.8956
5709,3.8955
5710,3.8952
5711,3.895
5712,3.8947
5713,3.8945
5714,3.8944
5715,3.8941
5716,3.8939
5717,3.8936
5718,3.8934
5719,3.8931
5720,3.8929
5721,3.8926
5722,3.8925
5723,3.8921
5724,3.892
5725,3.8918
5726,3.8915
5727,3.8914
5728,3.891
5729,3.8909
5730,3.8906
5731,3.8904
5732,3.8902
5733,3.8899
5734,3.8898
5735,3.8894
5736,3.8893
5737,3.889
5738,3.8888
5739,3.8885
5740,3.8883
5741,3.888
5742,3.8879
5743,3.8877
5744,3.8874
5745,3.8872
5746,3.8869
5747,3.8867
5748,3.8864
5749,3.8863
5750,3.8861
5751,3.8858
5752,3.8856
5753,3.8853
5754,3.8852
5755,3.8848
5756,3.8847
5757,3.8844
5758,3.8842
5759,3.8839
5760,3.8837
5761,3.8836
5762,3.8833
5763,3.8831
5764,3.8828
5765,3.8826
5766,3.8823
5767,3.8821
5768,3.8818
5769,3.8817
5770,3.8813
5771,3.8812
5772,3.8809
5773,3.8807
5774,3.8805
5775,3.8802
5776,3.8801
5777,3.8798
5778,3.8796
5779,3.8793
5780,3.8791
5781,3.8788
5782,3.8786
5783,3.8783
5784,3.8782
5785,3.878
5786,3.8777
5787,3.8775
5788,3.8772
5789,3.8769
5790,3.8767
5791,3.8766
5792,3.8763
5793,3.8761
5794,3.8758
5795,3.8756
5796,3.8753
5797,3.8751
5798,3.8748
5799,3.8747
5800,3.8744
5801,3.8742
5802,3.8739
5803,3.8737
5804,3.8734
5805,3.8732
5806,3.8729
5807,3.8728
5808,3.8724
5809,3.8723
5810,3.872
5811,3.8718
5812,3.8717
5813,3.8713
5814,3.8712
5815,3.8709
5816,3.8705
5817,3.8704
5818,3.8701
5819,3.8699
5820,3.8697
5821,3.8694
5822,3.8691
5823,3.869
5824,3.8686
5825,3.8685
5826,3.8682
5827,3.868
5828,3.8677
5829,3.8675
5830,3.8672
5831,3.867
5832,3.8667
5833,3.8666
5834,3.8663
5835,3.8661
5836,3.8658
5837,3.8656
5838,3.8653
5839,3.8651
5840,3.8648
5841,3.8647
5842,3.8643
5843,3.864
5844,3.8639
5845,3.8635
5846,3.8634
5847,3.8631
5848,3.8629
5849,3.8626
5850,3.8624
5851,3.8621
5852,3.862
5853,3.8616
5854,3.8615
5855,3.8612
5856,3.861
5857,3.8607
5858,3.8604
5859,3.8602
5860,3.8599
5861,3.8597
5862,3.8594
5863,3.8593
5864,3.8589
5865,3.8586
5866,3.8585
5867,3.8581
5868,3.858
5869,3.8577
5870,3.8575
5871,3.8572
5872,3.857
5873,3.8567
5874,3.8566
5875,3.8562
5876,3.8559
5877,3.8558
5878,3.8554
5879,3.8553
5880,3.855
5881,3.8548
5882,3.8545
5883,3.8542
5884,3.854
5885,3.8537
5886,3.8535
5887,3.8532
5888,3.8529
5889,3.8527
5890,3.8524
5891,3.8523
5892,3.852
5893,3.8518
5894,3.8515
5895,3.8512
5896,3.851
5897,3.8507
5898,3.8505
5899,3.8502
5900,3.85
5901,3.8497
5902,3.8494
5903,3.8492
5904,3.8489
5905,3.8488
5906,3.8485
5907,3.8483
5908,3.848
5909,3.8477
5910,3.8475
5911,3.8472
5912,3.847
5913,3.8467
5914,3.8464
5915,3.8462
5916,3.8459
5917,3.8458
5918,3.8454
5919,3.8453
5920,3.845
5921,3.8446
5922,3.8445
5923,3.8442
5924,3.844
5925,3.8437
5926,3.8434
5927,3.8432
5928,3.8429
5929,3.8427
5930,3.8424
5931,3.8423
5932,3.8419
5933,3.8416
5934,3.8415
5935,3.8411
5936,3.841
5937,3.8407
5938,3.8405
5939,3.8402
5940,3.8399
5941,3.8397
5942,3.8394
5943,3.8392
5944,3.8389
5945,3.8388
5946,3.8384
5947,3.8381
5948,3.838
5949,3.8377
5950,3.8375
5951,3.8372
5952,3.837
5953,3.8367
5954,3.8365
5955,3.8362
5956,3.8359
5957,3.8357
5958,3.8354
5959,3.8353
5960,3.835
5961,3.8348
5962,3.8345
5963,3.8343
5964,3.834
5965,3.8337
5966,3.8335
5967,3.8332
5968,3.833
5969,3.8327
5970,3.8326
5971,3.8322
5972,3.8321
5973,3.8318
5974,3.8315
5975,3.8313
5976,3.831
5977,3.8308
5978,3.8305
5979,3.8303
5980,3.83
5981,3.8299
5982,3.8295
5983,3.8294
5984,3.8291
5985,3.8289
5986,3.8286
5987,3.8284
5988,3.8281
5989,3.828
5990,3.8276
5991,3.8273
5992,3.8272
5993,3.8268
5994,3.8267
5995,3.8264
5996,3.8262
5997,3.8259
5998,3.8257
5999,3.8254
6000,3.8253
6001,3.8249
6002,3.8248
6003,3.8246
6004,3.8243
6005,3.824
6006,3.8238
6007,3.8237
6008,3.8234
6009,3.8232
6010,3.8229
6011,3.8227
6012,3.8224
6013,3.8222
6014,3.8219
6015,3.8218
6016,3.8214
6017,3.8213
6018,3.821
6019,3.8208
6020,3.8205
6021,3.8203
6022,3.82
6023,3.8199
6024,3.8195
6025,3.8194
6026,3.8191
6027,3.8189
6028,3.8187
6029,3.8184
6030,3.8183
6031,3.818
6032,3.8178
6033,3.8175
6034,3.8173
6035,3.817
6036,3.8168
6037,3.8167
6038,3.8164
6039,3.8162
6040,3.8159
6041,3.8157
6042,3.8154
6043,3.8152
6044,3.8151
6045,3.8148
6046,3.8146
6047,3.8143
6048,3.8141
6049,3.8138
6050,3.8137
6051,3.8135
6052,3.8132
6053,3.813
6054,3.8127
6055,3.8125
6056,3.8124
6057,3.8121
6058,3.8119
6059,3.8116
6060,3.8114
6061,3.8113
6062,3.811
6063,3.8108
6064,3.8105
6065,3.8103
6066,3.8102
6067,3.8098
6068,3.8097
6069,3.8094
6070,3.8092
6071,3.8091
6072,3.8087
6073,3.8086
6074,3.8084
6075,3.8081
6076,3.8079
6077,3.8076
6078,3.8075
6079,3.8073
6080,3.807
6081,3.8068
6082,3.8067
6083,3.8064
6084,3.8062
6085,3.806
6086,3.8057
6087,3.8056
6088,3.8052
6089,3.8051
6090,3.8049
6091,3.8046
6092,3.8044
6093,3.8043
6094,3.804
6095,3.8038
6096,3.8037
6097,3.8033
6098,3.8032
6099,3.803
6100,3.8027
6101,3.8025
6102,3.8024
6103,3.8021
6104,3.8019
6105,3.8017
6106,3.8014
6107,3.8013
6108,3.8011
6109,3.8008
6110,3.8006
6111,3.8005
6112,3.8003
6113,3.8
6114,3.7998
6115,3.7997
6116,3.7994
6117,3.7992
6118,3.799
6119,3.7987
6120,3.7986
6121,3.7984
6122,3.7983
6123,3.7979
6124,3.7978
6125,3.7976
6126,3.7973
6127,3.7971
6128,3.797
6129,3.7968
6130,3.7965
6131,3.7963
6132,3.7962
6133,3.7959
6134,3.7957
6135,3.7955
6136,3.7952
6137,3.7951
6138,3.7949
6139,3.7948
6140,3.7946
6141,3.7943
6142,3.7941
6143,3.794
6144,3.7936
6145,3.7935
6146,3.7933
6147,3.7932
6148,3.7928
6149,3.7927
6150,3.7925
6151,3.7924
6152,3.7921
6153,3.7919
6154,3.7917
6155,3.7916
6156,3.7914
6157,3.7911
6158,3.7909
6159,3.7908
6160,3.7905
6161,3.7903
6162,3.7901
6163,3.79
6164,3.7897
6165,3.7895
6166,3.7894
6167,3.7892
6168,3.789
6169,3.7887
6170,3.7886
6171,3.7884
6172,3.7882
6173,3.7879
6174,3.7878
6175,3.7876
6176,3.7874
6177,3.7873
6178,3.787
6179,3.7868
6180,3.7867
6181,3.7865
6182,3.7862
6183,3.786
6184,3.7859
6185,3.7857
6186,3.7855
6187,3.7852
6188,3.7851
6189,3.7849
6190,3.7847
6191,3.7846
6192,3.7843
6193,3.7841
6194,3.784
6195,3.7838
6196,3.7836
6197,3.7833
6198,3.7832
6199,3.783
6200,3.7828
6201,3.7827
6202,3.7824
6203,3.7822
6204,3.782
6205,3.7819
6206,3.7817
6207,3.7814
6208,3.7813
6209,3.7811
6210,3.7809
6211,3.7808
6212,3.7805
6213,3.7803
6214,3.7801
6215,3.78
6216,3.7798
6217,3.7797
6218,3.7793
6219,3.7792
6220,3.779
6221,3.7789
6222,3.7787
6223,3.7785
6224,3.7782
6225,3.7781
6226,3.7779
6227,3.7778
6228,3.7776
6229,3.7773
6230,3.7771
6231,3.777
6232,3.7768
6233,3.7766
6234,3.7765
6235,3.7763
6236,3.776
6237,3.7758
6238,3.7757
6239,3.7755
6240,3.7754
6241,3.7752
6242,3.7749
6243,3.7747
6244,3.7746
6245,3.7744
6246,3.7743
6247,3.7741
6248,3.7738
6249,3.7736
6250,3.7735
6251,3.7733
6252,3.7731
6253,3.773
6254,3.7728
6255,3.7725
6256,3.7724
6257,3.7722
6258,3.772
6259,3.7719
6260,3.7717
6261,3.7716
6262,3.7712
6263,3.7711
6264,3.7709
6265,3.7708
6266,3.7706
6267,3.7704
6268,3.7703
6269,3.77
6270,3.7698
6271,3.7697
6272,3.7695
6273,3.7693
6274,3.7692
6275,3.769
6276,3.7689
6277,3.7685
6278,3.7684
6279,3.7682
6280,3.7681
6281,3.7679
6282,3.7677
6283,3.7676
6284,3.7673
6285,3.7671
6286,3.767
6287,3.7668
6288,3.7666
6289,3.7665
6290,3.7663
6291,3.7662
6292,3.7658
6293,3.7657
6294,3.7655
6295,3.7654
6296,3.7652
6297,3.765
6298,3.7649
6299,3.7647
6300,3.7644
6301,3.7643
6302,3.7641
6303,3.7639
6304,3.7638
6305,3.7636
6306,3.7635
6307,3.7633
6308,3.763
6309,3.7628
6310,3.7627
6311,3.7625
6312,3.7623
6313,3.7622
6314,3.762
6315,3.7619
6316,3.7617
6317,3.7614
6318,3.7612
6319,3.7611
6320,3.7609
6321,3.7608
6322,3.7606
6323,3.7604
6324,3.7603
6325,3.7601
6326,3.76
6327,3.7596
6328,3.7595
6329,3.7593
6330,3.7592
6331,3.759
6332,3.7588
6333,3.7587
6334,3.7585
6335,3.7584
6336,3.7581
6337,3.7579
6338,3.7577
6339,3.7576
6340,3.7574
6341,3.7573
6342,3.7571
6343,3.7569
6344,3.7568
6345,3.7565
6346,3.7563
6347,3.7561
6348,3.756
6349,3.7558
6350,3.7557
6351,3.7555
6352,3.7554
6353,3.7552
6354,3.7549
6355,3.7547
6356,3.7546
6357,3.7544
6358,3.7542
6359,3.7541
6360,3.7539
6361,3.7538
6362,3.7536
6363,3.7534
6364,3.7533
6365,3.753
6366,3.7528
6367,3.7527
6368,3.7525
6369,3.7523
6370,3.7522
6371,3.752
6372,3.7519
6373,3.7517
6374,3.7515
6375,3.7512
6376,3.7511
6377,3.7509
6378,3.7507
6379,3.7506
6380,3.7504
6381,3.7503
6382,3.7501
6383,3.75
6384,3.7498
6385,3.7495
6386,3.7493
6387,3.7492
6388,3.749
6389,3.7488
6390,3.7487
6391,3.7485
6392,3.7484
6393,3.7482
6394,3.748
6395,3.7477
6396,3.7476
6397,3.7474
6398,3.7473
6399,3.7471
6400,3.7469
6401,3.7468
6402,3.7466
6403,3.7465
6404,3.7463
6405,3.7461
6406,3.7458
6407,3.7457
6408,3.7455
6409,3.7453
6410,3.7452
6411,3.745
6412,3.7449
6413,3.7447
6414,3.7445
6415,3.7444
6416,3.7442
6417,3.7439
6418,3.7438
6419,3.7436
6420,3.7434
6421,3.7433
6422,3.7431
6423,3.743
6424,3.7428
6425,3.7426
6426,3.7425
6427,3.7422
6428,3.742
6429,3.7418
6430,3.7417
6431,3.7415
6432,3.7414
6433,3.7412
6434,3.7411
6435,3.7409
6436,3.7407
6437,3.7406
6438,3.7403
6439,3.7401
6440,3.7399
6441,3.7398
6442,3.7396
6443,3.7395
6444,3.7393
6445,3.7391
6446,3.739
6447,3.7387
6448,3.7385
6449,3.7384
6450,3.7382
6451,3.738
6452,3.7379
6453,3.7377
6454,3.7376
6455,3.7374
6456,3.7372
6457,3.7371
6458,3.7369
6459,3.7366
6460,3.7364
6461,3.7363
6462,3.7361
6463,3.736
6464,3.7358
6465,3.7357
6466,3.7355
6467,3.7353
6468,3.7352
6469,3.7349
6470,3.7347
6471,3.7345
6472,3.7344
6473,3.7342
6474,3.7341
6475,3.7339
6476,3.7337
6477,3.7336
6478,3.7334
6479,3.7331
6480,3.733
6481,3.7328
6482,3.7326
6483,3.7325
6484,3.7323
6485,3.7322
6486,3.732
6487,3.7318
6488,3.7315
6489,3.7314
6490,3.7312
6491,3.731
6492,3.7309
6493,3.7307
6494,3.7306
6495,3.7304
6496,3.7303
6497,3.7301
6498,3.7298
6499,3.7296
6500,3.7295
6501,3.7293
6502,3.7291
6503,3.729
6504,3.7288
6505,3.7287
6506,3.7285
6507,3.7282
6508,3.728
6509,3.7279
6510,3.7277
6511,3.7275
6512,3.7274
6513,3.7272
6514,3.7271
6515,3.7269
6516,3.7268
6517,3.7264
6518,3.7263
6519,3.7261
6520,3.726
6521,3.7258
6522,3.7256
6523,3.7255
6524,3.7253
6525,3.7252
6526,3.725
6527,3.7247
6528,3.7245
6529,3.7244
6530,3.7242
6531,3.7241
6532,3.7239
6533,3.7237
6534,3.7236
6535,3.7233
6536,3.7231
6537,3.7229
6538,3.7228
6539,3.7226
6540,3.7225
6541,3.7223
6542,3.7221
6543,3.722
6544,3.7217
6545,3.7215
6546,3.7214
6547,3.7212
6548,3.721
6549,3.7209
6550,3.7207
6551,3.7206
6552,3.7204
6553,3.7201
6554,3.7199
6555,3.7198
6556,3.7196
6557,3.7194
6558,3.7193
6559,3.7191
6560,3.719
6561,3.7188
6562,3.7185
6563,3.7183
6564,3.7182
6565,3.718
6566,3.7179
6567,3.7177
6568,3.7175
6569,3.7174
6570,3.7171
6571,3.7169
6572,3.7167
6573,3.7166
6574,3.7164
6575,3.7163
6576,3.7161
6577,3.7158
6578,3.7156
6579,3.7155
6580,3.7153
6581,3.7152
6582,3.715
6583,3.7148
6584,3.7147
6585,3.7145
6586,3.7142
6587,3.714
6588,3.7139
6589,3.7137
6590,3.7136
6591,3.7134
6592,3.7133
6593,3.7131
6594,3.7128
6595,3.7126
6596,3.7125
6597,3.7123
6598,3.7121
6599,3.712
6600,3.7118
6601,3.7117
6602,3.7113
6603,3.7112
6604,3.711
6605,3.7109
6606,3.7107
6607,3.7105
6608,3.7104
6609,3.7101
6610,3.7099
6611,3.7098
6612,3.7096
6613,3.7094
6614,3.7093
6615,3.7091
6616,3.709
6617,3.7086
6618,3.7085
6619,3.7083
6620,3.7082
6621,3.708
6622,3.7078
6623,3.7075
6624,3.7074
6625,3.7072
6626,3.7071
6627,3.7069
6628,3.7067
6629,3.7066
6630,3.7064
6631,3.7061
6632,3.7059
6633,3.7058
6634,3.7056
6635,3.7055
6636,3.7053
6637,3.705
6638,3.7048
6639,3.7047
6640,3.7045
6641,3.7044
6642,3.7042
6643,3.704
6644,3.7039
6645,3.7036
6646,3.7034
6647,3.7032
6648,3.7031
6649,3.7029
6650,3.7028
6651,3.7026
6652,3.7023
6653,3.7021
6654,3.702
6655,3.7018
6656,3.7017
6657,3.7015
6658,3.7013
6659,3.701
6660,3.7009
6661,3.7007
6662,3.7005
6663,3.7004
6664,3.7002
6665,3.7001
6666,3.6997
6667,3.6996
6668,3.6994
6669,3.6993
6670,3.6991
6671,3.699
6672,3.6986
6673,3.6985
6674,3.6983
6675,3.6982
6676,3.698
6677,3.6978
6678,3.6977
6679,3.6974
6680,3.6972
6681,3.697
6682,3.6969
6683,3.6967
6684,3.6966
6685,3.6963
6686,3.6961
6687,3.6959
6688,3.6958
6689,3.6956
6690,3.6955
6691,3.6953
6692,3.695
6693,3.6948
6694,3.6947
6695,3.6945
6696,3.6943
6697,3.6942
6698,3.6939
6699,3.6937
6700,3.6936
6701,3.6934
6702,3.6932
6703,3.6931
6704,3.6928
6705,3.6926
6706,3.6924
6707,3.6923
6708,3.6921
6709,3.692
6710,3.6918
6711,3.6915
6712,3.6913
6713,3.6912
6714,3.691
6715,3.6908
6716,3.6905
6717,3.6904
6718,3.6902
6719,3.6901
6720,3.6899
6721,3.6897
6722,3.6896
6723,3.6893
6724,3.6891
6725,3.6889
6726,3.6888
6727,3.6886
6728,3.6885
6729,3.6881
6730,3.688
6731,3.6878
6732,3.6877
6733,3.6875
6734,3.6874
6735,3.6872
6736,3.6869
6737,3.6867
6738,3.6866
6739,3.6864
6740,3.6862
6741,3.6859
6742,3.6858
6743,3.6856
6744,3.6854
6745,3.6853
6746,3.6851
6747,3.6848
6748,3.6847
6749,3.6845
6750,3.6843
6751,3.6842
6752,3.684
6753,3.6837
6754,3.6835
6755,3.6834
6756,3.6832
6757,3.6831
6758,3.6829
6759,3.6827
6760,3.6824
6761,3.6823
6762,3.6821
6763,3.682
6764,3.6818
6765,3.6816
6766,3.6813
6767,3.6812
6768,3.681
6769,3.6808
6770,3.6807
6771,3.6805
6772,3.6802
6773,3.68
6774,3.6799
6775,3.6797
6776,3.6796
6777,3.6794
6778,3.6791
6779,3.6789
6780,3.6788
6781,3.6786
6782,3.6785
6783,3.6783
6784,3.678
6785,3.6778
6786,3.6777
6787,3.6775
6788,3.6773
6789,3.6772
6790,3.6769
6791,3.6767
6792,3.6765
6793,3.6764
6794,3.6762
6795,3.6761
6796,3.6758
6797,3.6756
6798,3.6754
6799,3.6753
6800,3.6751
6801,3.675
6802,3.6748
6803,3.6745
6804,3.6743
6805,3.6742
6806,3.674
6807,3.6738
6808,3.6737
6809,3.6734
6810,3.6732
6811,3.6731
6812,3.6729
6813,3.6727
6814,3.6726
6815,3.6723
6816,3.6721
6817,3.6719
6818,3.6718
6819,3.6716
6820,3.6715
6821,3.6711
6822,3.671
6823,3.6708
6824,3.6707
6825,3.6705
6826,3.6704
6827,3.6702
6828,3.67
6829,3.6697
6830,3.6696
6831,3.6694
6832,3.6692
6833,3.6691
6834,3.6689
6835,3.6686
6836,3.6684
6837,3.6683
6838,3.6681
6839,3.668
6840,3.6678
6841,3.6677
6842,3.6673
6843,3.6672
6844,3.667
6845,3.6669
6846,3.6667
6847,3.6665
6848,3.6664
6849,3.6661
6850,3.6659
6851,3.6657
6852,3.6656
6853,3.6654
6854,3.6653
6855,3.6651
6856,3.6648
6857,3.6646
6858,3.6645
6859,3.6643
6860,3.6642
6861,3.664
6862,3.6638
6863,3.6635
6864,3.6634
6865,3.6632
6866,3.663
6867,3.6629
6868,3.6627
6869,3.6626
6870,3.6623
6871,3.6621
6872,3.6619
6873,3.6618
6874,3.6616
6875,3.6615
6876,3.6613
6877,3.661
6878,3.6608
6879,3.6607
6880,3.6605
6881,3.6603
6882,3.6602
6883,3.66
6884,3.6599
6885,3.6597
6886,3.6594
6887,3.6592
6888,3.6591
6889,3.6589
6890,3.6588
6891,3.6586
6892,3.6584
6893,3.6583
6894,3.658
6895,3.6578
6896,3.6576
6897,3.6575
6898,3.6573
6899,3.6572
6900,3.657
6901,3.6568
6902,3.6565
6903,3.6564
6904,3.6562
6905,3.6561
6906,3.6559
6907,3.6557
6908,3.6556
6909,3.6554
6910,3.6553
6911,3.6549
6912,3.6548
6913,3.6546
6914,3.6545
6915,3.6543
6916,3.6541
6917,3.654
6918,3.6538
6919,3.6537
6920,3.6534
6921,3.6532
6922,3.653
6923,3.6529
6924,3.6527
6925,3.6526
6926,3.6524
6927,3.6522
6928,3.6521
6929,3.6518
6930,3.6516
6931,3.6514
6932,3.6513
6933,3.6511
6934,3.651
6935,3.6508
6936,3.6507
6937,3.6505
6938,3.6502
6939,3.65
6940,3.6499
6941,3.6497
6942,3.6495
6943,3.6494
6944,3.6492
6945,3.6491
6946,3.6489
6947,3.6486
6948,3.6484
6949,3.6483
6950,3.6481
6951,3.648
6952,3.6478
6953,3.6476
6954,3.6475
6955,3.6473
6956,3.647
6957,3.6468
6958,3.6467
6959,3.6465
6960,3.6464
6961,3.6462
6962,3.646
6963,3.6459
6964,3.6457
6965,3.6456
6966,3.6453
6967,3.6451
6968,3.6449
6969,3.6448
6970,3.6446
6971,3.6445
6972,3.6443
6973,3.6441
6974,3.6438
6975,3.6437
6976,3.6435
6977,3.6433
6978,3.6432
6979,3.643
6980,3.6429
6981,3.6427
6982,3.6426
6983,3.6422
6984,3.6421
6985,3.6419
6986,3.6418
6987,3.6416
6988,3.6414
6989,3.6413
6990,3.6411
6991,3.6408
6992,3.6406
6993,3.6405
6994,3.6403
6995,3.6402
6996,3.64
6997,3.6398
6998,3.6395
6999,3.6394
7000,3.6392
7001,3.6391
7002,3.6389
7003,3.6387
7004,3.6386
7005,3.6383
7006,3.6381
7007,3.6379
7008,3.6378
7009,3.6376
7010,3.6375
7011,3.6371
7012,3.637
7013,3.6368
7014,3.6367
7015,3.6365
7016,3.6364
7017,3.6362
7018,3.6359
7019,3.6357
7020,3.6356
7021,3.6354
7022,3.6352
7023,3.6349
7024,3.6348
7025,3.6346
7026,3.6344
7027,3.6343
7028,3.6341
7029,3.6338
7030,3.6337
7031,3.6335
7032,3.6333
7033,3.6332
7034,3.6329
7035,3.6327
7036,3.6325
7037,3.6324
7038,3.6322
7039,3.6319
7040,3.6317
7041,3.6316
7042,3.6314
7043,3.6313
7044,3.631
7045,3.6308
7046,3.6306
7047,3.6305
7048,3.6303
7049,3.63
7050,3.6298
7051,3.6297
7052,3.6295
7053,3.6292
7054,3.629
7055,3.6289
7056,3.6287
7057,3.6284
7058,3.6283
7059,3.6281
7060,3.6279
7061,3.6276
7062,3.6275
7063,3.6273
7064,3.6271
7065,3.6268
7066,3.6267
7067,3.6265
7068,3.6263
7069,3.626
7070,3.6259
7071,3.6257
7072,3.6254
7073,3.6252
7074,3.6251
7075,3.6248
7076,3.6246
7077,3.6244
7078,3.6243
7079,3.624
7080,3.6238
7081,3.6236
7082,3.6233
7083,3.6232
7084,3.623
7085,3.6227
7086,3.6225
7087,3.6224
7088,3.6221
7089,3.6219
7090,3.6217
7091,3.6214
7092,3.6213
7093,3.6209
7094,3.6208
7095,3.6206
7096,3.6203
7097,3.6201
7098,3.62
7099,3.6197
7100,3.6195
7101,3.6192
7102,3.619
7103,3.6189
7104,3.6186
7105,3.6184
7106,3.6181
7107,3.6179
7108,3.6176
7109,3.6174
7110,3.6173
7111,3.617
7112,3.6168
7113,3.6165
7114,3.6163
7115,3.616
7116,3.6159
7117,3.6155
7118,3.6154
7119,3.6151
7120,3.6149
7121,3.6146
7122,3.6144
7123,3.6141
7124,3.614
7125,3.6136
7126,3.6135
7127,3.6132
7128,3.613
7129,3.6127
7130,3.6125
7131,3.6122
7132,3.6119
7133,3.6117
7134,3.6114
7135,3.6113
7136,3.6109
7137,3.6108
7138,3.6105
7139,3.6101
7140,3.61
7141,3.6097
7142,3.6093
7143,3.6092
7144,3.6089
7145,3.6087
7146,3.6084
7147,3.6081
7148,3.6078
7149,3.6076
7150,3.6073
7151,3.607
7152,3.6068
7153,3.6065
7154,3.6062
7155,3.606
7156,3.6057
7157,3.6054
7158,3.6051
7159,3.6049
7160,3.6046
7161,3.6043
7162,3.6039
7163,3.6036
7164,3.6033
7165,3.6031
7166,3.6028
7167,3.6025
7168,3.6022
7169,3.6019
7170,3.6016
7171,3.6012
7172,3.6011
7173,3.6008
7174,3.6004
7175,3.6001
7176,3.5998
7177,3.5995
7178,3.5992
7179,3.5989
7180,3.5985
7181,3.5982
7182,3.5979
7183,3.5976
7184,3.5973
7185,3.597
7186,3.5966
7187,3.5963
7188,3.596
7189,3.5957
7190,3.5954
7191,3.595
7192,3.5947
7193,3.5944
7194,3.5941
7195,3.5938
7196,3.5933
7197,3.593
7198,3.5927
7199,3.5923
7200,3.592
7201,3.5917
7202,3.5912
7203,3.5909
7204,3.5906
7205,3.5903
7206,3.5898
7207,3.5895
7208,3.5892
7209,3.5888
7210,3.5884
7211,3.5881
7212,3.5877
7213,3.5873
7214,3.5869
7215,3.5866
7216,3.5861
7217,3.5858
7218,3.5854
7219,3.585
7220,3.5846
7221,3.5842
7222,3.5838
7223,3.5834
7224,3.583
7225,3.5827
7226,3.5822
7227,3.5819
7228,3.5814
7229,3.5811
7230,3.5806
7231,3.5803
7232,3.5798
7233,3.5793
7234,3.579
7235,3.5785
7236,3.578
7237,3.5777
7238,3.5773
7239,3.5768
7240,3.5763
7241,3.576
7242,3.5755
7243,3.575
7244,3.5746
7245,3.5742
7246,3.5738
7247,3.5733
7248,3.5728
7249,3.5723
7250,3.5718
7251,3.5714
7252,3.5709
7253,3.5704
7254,3.5699
7255,3.5695
7256,3.569
7257,3.5685
7258,3.568
7259,3.5676
7260,3.5671
7261,3.5666
7262,3.5661
7263,3.5657
7264,3.5652
7265,3.5647
7266,3.5641
7267,3.5636
7268,3.5631
7269,3.5626
7270,3.5622
7271,3.5615
7272,3.561
7273,3.5606
7274,3.5599
7275,3.5595
7276,3.559
7277,3.5585
7278,3.5579
7279,3.5574
7280,3.5568
7281,3.5563
7282,3.5558
7283,3.5552
7284,3.5547
7285,3.5541
7286,3.5536
7287,3.5529
7288,3.5525
7289,3.5518
7290,3.5514
7291,3.5507
7292,3.5501
7293,3.5496
7294,3.549
7295,3.5485
7296,3.5479
7297,3.5472
7298,3.5467
7299,3.5461
7300,3.5455
7301,3.545
7302,3.5444
7303,3.5437
7304,3.5431
7305,3.5426
7306,3.542
7307,3.5413
7308,3.5407
7309,3.5402
7310,3.5396
7311,3.539
7312,3.5383
7313,3.5377
7314,3.5371
7315,3.5364
7316,3.5359
7317,3.5353
7318,3.5347
7319,3.534
7320,3.5334
7321,3.5328
7322,3.5321
7323,3.5315
7324,3.5309
7325,3.5302
7326,3.5296
7327,3.529
7328,3.5283
7329,3.5277
7330,3.527
7331,3.5264
7332,3.5258
7333,3.5251
7334,3.5245
7335,3.5239
7336,3.5232
7337,3.5226
7338,3.5218
7339,3.5212
7340,3.5205
7341,3.5199
7342,3.5193
7343,3.5186
7344,3.5178
7345,3.5172
7346,3.5166
7347,3.5158
7348,3.5151
7349,3.5145
7350,3.5139
7351,3.5131
7352,3.5124
7353,3.5116
7354,3.511
7355,3.5102
7356,3.5096
7357,3.5088
7358,3.5081
7359,3.5073
7360,3.5067
7361,3.5059
7362,3.5053
7363,3.5045
7364,3.5037
7365,3.5029
7366,3.5021
7367,3.5015
7368,3.5007
7369,3.4999
7370,3.4991
7371,3.4983
7372,3.4975
7373,3.4967
7374,3.4959
7375,3.4951
7376,3.4942
7377,3.4934
7378,3.4926
7379,3.4918
7380,3.4908
7381,3.49
7382,3.4891
7383,3.4883
7384,3.4873
7385,3.4864
7386,3.4854
7387,3.4846
7388,3.4837
7389,3.4827
7390,3.4818
7391,3.4808
7392,3.4799
7393,3.4787
7394,3.4778
7395,3.4768
7396,3.4757
7397,3.4748
7398,3.4737
7399,3.4727
7400,3.4716
7401,3.4705
7402,3.4694
7403,3.4683
7404,3.4673
7405,3.466
7406,3.4649
7407,3.4638
7408,3.4627
7409,3.4614
7410,3.4602
7411,3.459
7412,3.4578
7413,3.4565
7414,3.4554
7415,3.4541
7416,3.4528
7417,3.4514
7418,3.4501
7419,3.4489
7420,3.4474
7421,3.4462
7422,3.4447
7423,3.4433
7424,3.442
7425,3.4406
7426,3.4392
7427,3.4376
7428,3.4362
7429,3.4347
7430,3.4331
7431,3.4317
7432,3.4301
7433,3.4287
7434,3.4271
7435,3.4255
7436,3.4239
7437,3.4222
7438,3.4206
7439,3.419
7440,3.4173
7441,3.4157
7442,3.4139
7443,3.4122
7444,3.4104
7445,3.4087
7446,3.4069
7447,3.4052
7448,3.4034
7449,3.4015
7450,3.3998
7451,3.3979
7452,3.396
7453,3.3941
7454,3.3922
7455,3.3903
7456,3.3883
7457,3.3863
7458,3.3844
7459,3.3823
7460,3.3804
7461,3.3783
7462,3.3763
7463,3.3742
7464,3.3721
7465,3.3699
7466,3.3679
7467,3.3656
7468,3.3636
7469,3.3613
7470,3.3591
7471,3.3569
7472,3.3547
7473,3.3523
7474,3.3501
7475,3.3478
7476,3.3454
7477,3.3431
7478,3.3407
7479,3.3383
7480,3.3359
7481,3.3335
7482,3.331
7483,3.3286
7484,3.3261
7485,3.3235
7486,3.321
7487,3.3184
7488,3.3157
7489,3.3132
7490,3.3106
7491,3.3079
7492,3.3052
7493,3.3025
7494,3.2998
7495,3.297
7496,3.2943
7497,3.2914
7498,3.2886
7499,3.2859
7500,3.283
7501,3.28
7502,3.2771
7503,3.2741
7504,3.2712
7505,3.2682
7506,3.2651
7507,3.262
7508,3.259
7509,3.2558
7510,3.2527
7511,3.2495
7512,3.2463
7513,3.2431
7514,3.2398
7515,3.2365
7516,3.2331
7517,3.2298
7518,3.2264
7519,3.223
7520,3.2196
7521,3.2161
7522,3.2125
7523,3.209
7524,3.2053
7525,3.2018
7526,3.198
7527,3.1944
7528,3.1907
7529,3.1869
7530,3.1831
7531,3.1793
7532,3.1755
7533,3.1715
7534,3.1675
7535,3.1635
7536,3.1596
7537,3.1554
7538,3.1513
7539,3.1472
7540,3.143
7541,3.1389
7542,3.1346
7543,3.1303
7544,3.1259
7545,3.1214
7546,3.117
7547,3.1125
7548,3.1081
7549,3.1035
7550,3.0989
7551,3.0941
7552,3.0895
7553,3.0847
7554,3.0798
7555,3.0749
7556,3.0701
7557,3.0652
7558,3.0601
7559,3.055
7560,3.0499
7561,3.0447
7562,3.0395
7563,3.0342
7564,3.0288
7565,3.0234
7566,3.018
7567,3.0125
7568,3.0069
7569,3.0013
7570,2.9956
7571,2.9897
7572,2.9839
7573,2.978
7574,2.9721
7575,2.9661
7576,2.9599
7577,2.9537
7578,2.9475
7579,2.9411
7580,2.9348
7581,2.9283
7582,2.9217
7583,2.9151
7584,2.9082
7585,2.9014
7586,2.8946
7587,2.8876
7588,2.8806
7589,2.8734
7590,2.8661
7591,2.8588
7592,2.8514
7593,2.8437
7594,2.8361
7595,2.8283
7596,2.8205
7597,2.8126
7598,2.8045
7599,2.7962
7600,2.788
7601,2.7796
7602,2.7711
7603,2.7624
7604,2.7537
7605,2.7449
7606,2.7359
7607,2.7268
7608,2.7176
7609,2.7084
7610,2.6988
7611,2.6893
7612,2.6796
7613,2.6699
7614,2.6601
7615,2.6501
7616,2.6399
7617,2.6297
7618,2.6196
7619,2.6091
7620,2.5986
7621,2.588
7622,2.5772
7623,2.5662
7624,2.5552
7625,2.5441
7626,2.533
7627,2.5215
7628,2.5101
7629,2.4999
7630,2.5138
7631,2.6189
7632,2.7212
7633,2.8232
7634,2.8982
7635,2.9994
7636,3.0827
7637,3.1836
7638,3.1939
7639,3.2717
7640,3.3299
7641,3.3726
7642,3.4038
7643,3.4258
7644,3.4409
7645,3.4513
7646,3.4586
7647,3.464
7648,3.4681
7649,3.4714
7650,3.4741
7651,3.4765
7652,3.4786
7653,3.4803
7654,3.4819
7655,3.4832
7656,3.4845
7657,3.4857
7658,3.4867
7659,3.4878
7660,3.4886
7661,3.4896
7662,3.4903
7663,3.4911
7664,3.4918
7665,3.4924
7666,3.493
7667,3.4937
7668,3.4943
7669,3.4948
7670,3.4954
7671,3.4959
7672,3.4964
7673,3.4969
7674,3.4972
7675,3.4977
7676,3.4981
7677,3.4984
7678,3.4989
7679,3.4992
7680,3.4996
7681,3.5
7682,3.5004
7683,3.5007
7684,3.501
7685,3.5013
7686,3.5016
7687,3.5019
7688,3.5023
7689,3.5024
7690,3.5027
7691,3.5031
7692,3.5032
7693,3.5035
7694,3.5039
7695,3.504
7696,3.5043
7697,3.5045
7698,3.5048
7699,3.505
7700,3.5051
7701,3.5054
7702,3.5056
7703,3.5058
7704,3.5061
7705,3.5062
7706,3.5064
7707,3.5066
7708,3.5069
7709,3.507
7710,3.5072
7711,3.5073
7712,3.5075
7713,3.5077
7714,3.5078
7715,3.508
7716,3.5081
7717,3.5085
7718,3.5086
7719,3.5088
7720,3.5088
7721,3.5089
7722,3.5091
7723,3.5093
7724,3.5094
7725,3.5096
7726,3.5097
7727,3.5099
7728,3.51
7729,3.5102
7730,3.5104
7731,3.5104
7732,3.5105
7733,3.5107
7734,3.5108
7735,3.511
7736,3.5112
7737,3.5112
7738,3.5113
7739,3.5115
7740,3.5116
7741,3.5116
7742,3.5118
7743,3.512
7744,3.5121
7745,3.5121
7746,3.5123
7747,3.5124
7748,3.5124
7749,3.5126
7750,3.5127
7751,3.5127
7752,3.5129
7753,3.5131
7754,3.5131
7755,3.5132
7756,3.5134
7757,3.5134
7758,3.5135
7759,3.5137
7760,3.5137
7761,3.5139
7762,3.5139
7763,3.514
7764,3.514
7765,3.5142
7766,3.5143
7767,3.5143
7768,3.5145
7769,3.5145
7770,3.5147
7771,3.5147
7772,3.5148
7773,3.5148
7774,3.515
7775,3.5151
7776,3.5151
7777,3.5153
7778,3.5153
7779,3.5154
7780,3.5154
7781,3.5156
7782,3.5156
7783,3.5158
7784,3.5158
7785,3.5159
7786,3.5159
7787,3.5161
7788,3.5161
7789,3.5162
7790,3.5162
7791,3.5162
7792,3.5164
7793,3.5164
7794,3.5166
7795,3.5166
7796,3.5167
7797,3.5167
7798,3.5167
7799,3.5169
7800,3.5169
7801,3.517
7802,3.517
7803,3.517
7804,3.5172
7805,3.5174
7806,3.5174
7807,3.5174
7808,3.5175
7809,3.5175
7810,3.5177
7811,3.5177
7812,3.5177
7813,3.5178
7814,3.5178
7815,3.518
7816,3.5263
7817,3.5676
7818,3.5714
7819,3.5735
7820,3.5752
7821,3.5765
7822,3.5776
7823,3.5786
7824,3.5794
7825,3.5801
7826,3.5809
7827,3.5816
7828,3.5822
7829,3.5827
7830,3.5833
7831,3.5838
7832,3.5843
7833,3.5848
7834,3.5852
7835,3.5857
7836,3.5862
7837,3.5867
7838,3.587
7839,3.5875
7840,3.5878
7841,3.5882
7842,3.5886
7843,3.589
7844,3.5894
7845,3.5897
7846,3.5902
7847,3.5905
7848,3.5908
7849,3.5911
7850,3.5914
7851,3.5917
7852,3.5922
7853,3.5925
7854,3.5929
7855,3.5932
7856,3.5935
7857,3.5938
7858,3.594
7859,3.5943
7860,3.5946
7861,3.5949
7862,3.5952
7863,3.5956
7864,3.5959
7865,3.596
7866,3.5963
7867,3.5967
7868,3.597
7869,3.5971
7870,3.5975
7871,3.5978
7872,3.5979
7873,3.5983
7874,3.5986
7875,3.5987
7876,3.599
7877,3.5994
7878,3.5995
7879,3.5998
7880,3.6
7881,3.6003
7882,3.6005
7883,3.6008
7884,3.601
7885,3.6013
7886,3.6014
7887,3.6018
7888,3.6019
7889,3.6022
7890,3.6024
7891,3.6027
7892,3.6029
7893,3.6032
7894,3.6033
7895,3.6035
7896,3.6038
7897,3.604
7898,3.6041
7899,3.6045
7900,3.6046
7901,3.6048
7902,3.6051
7903,3.6052
7904,3.6054
7905,3.6057
7906,3.6059
7907,3.606
7908,3.6064
7909,3.6065
7910,3.6067
7911,3.6068
7912,3.6072
7913,3.6073
7914,3.6075
7915,3.6076
7916,3.6079
7917,3.6081
7918,3.6083
7919,3.6084
7920,3.6086
7921,3.6089
7922,3.6091
7923,3.6092
7924,3.6094
7925,3.6095
7926,3.6097
7927,3.61
7928,3.6102
7929,3.6103
7930,3.6105
7931,3.6106
7932,3.6108
7933,3.611
7934,3.6111
7935,3.6113
7936,3.6116
7937,3.6118
7938,3.6119
7939,3.6121
7940,3.6122
7941,3.6124
7942,3.6126
7943,3.6127
7944,3.6129
7945,3.613
7946,3.6132
7947,3.6133
7948,3.6135
7949,3.6137
7950,3.6138
7951,3.614
7952,3.6141
7953,3.6143
7954,3.6145
7955,3.6146
7956,3.6148
7957,3.6149
7958,3.6151
7959,3.6153
7960,3.6154
7961,3.6156
7962,3.6157
7963,3.6159
7964,3.616
7965,3.6162
7966,3.6164
7967,3.6165
7968,3.6167
7969,3.6168
7970,3.617
7971,3.6172
7972,3.6173
7973,3.6175
7974,3.6176
7975,3.6178
7976,3.618
7977,3.6181
7978,3.6183
7979,3.6184
7980,3.6186
7981,3.6187
7982,3.6187
7983,3.6189
7984,3.6191
7985,3.6192
7986,3.6194
7987,3.6195
7988,3.6197
7989,3.6199
7990,3.62
7991,3.6202
7992,3.6203
7993,3.6203
7994,3.6205
7995,3.6207
7996,3.6208
7997,3.621
7998,3.6211
7999,3.6213
8000,3.6214
8001,3.6216
8002,3.6218
8003,3.6219
8004,3.6219
8005,3.6221
8006,3.6222
8007,3.6224
8008,3.6226
8009,3.6227
8010,3.6229
8011,3.623
8012,3.623
8013,3.6232
8014,3.6234
8015,3.6235
8016,3.6237
8017,3.6238
8018,3.624
8019,3.624
8020,3.6241
8021,3.6243
8022,3.6245
8023,3.6246
8024,3.6248
8025,3.6248
8026,3.6249
8027,3.6251
8028,3.6253
8029,3.6254
8030,3.6256
8031,3.6257
8032,3.6257
8033,3.6259
8034,3.6261
8035,3.6262
8036,3.6264
8037,3.6265
8038,3.6265
8039,3.6267
8040,3.6269
8041,3.627
8042,3.6272
8043,3.6273
8044,3.6275
8045,3.6275
8046,3.6276
8047,3.6278
8048,3.628
8049,3.6281
8050,3.6281
8051,3.6283
8052,3.6284
8053,3.6286
8054,3.6288
8055,3.6289
8056,3.6291
8057,3.6291
8058,3.6292
8059,3.6294
8060,3.6296
8061,3.6297
8062,3.6297
8063,3.6299
8064,3.63
8065,3.6302
8066,3.6303
8067,3.6305
8068,3.6305
8069,3.6307
8070,3.6308
8071,3.631
8072,3.6311
8073,3.6313
8074,3.6313
8075,3.6315
8076,3.6316
8077,3.6318
8078,3.6319
8079,3.6321
8080,3.6321
8081,3.6323
8082,3.6324
8083,3.6326
8084,3.6327
8085,3.6327
8086,3.6329
8087,3.633
8088,3.6332
8089,3.6334
8090,3.6334
8091,3.6335
8092,3.6337
8093,3.6338
8094,3.634
8095,3.6342
8096,3.6342
8097,3.6343
8098,3.6345
8099,3.6346
8100,3.6346
8101,3.6348
8102,3.635
8103,3.6351
8104,3.6353
8105,3.6354
8106,3.6354
8107,3.6356
8108,3.6357
8109,3.6359
8110,3.6361
8111,3.6361
8112,3.6362
8113,3.6364
8114,3.6365
8115,3.6365
8116,3.6367
8117,3.6369
8118,3.637
8119,3.6372
8120,3.6373
8121,3.6373
8122,3.6375
8123,3.6377
8124,3.6378
8125,3.638
8126,3.638
8127,3.6381
8128,3.6383
8129,3.6384
8130,3.6386
8131,3.6386
8132,3.6388
8133,3.6389
8134,3.6391
8135,3.6392
8136,3.6392
8137,3.6394
8138,3.6396
8139,3.6397
8140,3.6399
8141,3.6399
8142,3.64
8143,3.6402
8144,3.6404
8145,3.6405
8146,3.6405
8147,3.6407
8148,3.6408
8149,3.641
8150,3.641
8151,3.6411
8152,3.6413
8153,3.6415
8154,3.6416
8155,3.6416
8156,3.6418
8157,3.6419
8158,3.6421
8159,3.6421
8160,3.6423
8161,3.6424
8162,3.6426
8163,3.6427
8164,3.6427
8165,3.6429
8166,3.6431
8167,3.6432
8168,3.6432
8169,3.6434
8170,3.6435
8171,3.6437
8172,3.6438
8173,3.6438
8174,3.644
8175,3.6442
8176,3.6443
8177,3.6443
8178,3.6445
8179,3.6446
8180,3.6448
8181,3.645
8182,3.645
8183,3.6451
8184,3.6453
8185,3.6454
8186,3.6454
8187,3.6456
8188,3.6458
8189,3.6459
8190,3.6461
8191,3.6461
8192,3.6462
8193,3.6464
8194,3.6465
8195,3.6465
8196,3.6467
8197,3.6469
8198,3.647
8199,3.647
8200,3.6472
8201,3.6473
8202,3.6475
8203,3.6475
8204,3.6477
8205,3.6478
8206,3.648
8207,3.6481
8208,3.6481
8209,3.6483
8210,3.6485
8211,3.6485
8212,3.6486
8213,3.6488
8214,3.6489
8215,3.6489
8216,3.6491
8217,3.6492
8218,3.6494
8219,3.6496
8220,3.6496
8221,3.6497
8222,3.6499
8223,3.65
8224,3.65
8225,3.6502
8226,3.6504
8227,3.6505
8228,3.6505
8229,3.6507
8230,3.6508
8231,3.651
8232,3.6512
8233,3.6512
8234,3.6513
8235,3.6515
8236,3.6516
8237,3.6516
8238,3.6518
8239,3.652
8240,3.652
8241,3.6521
8242,3.6523
8243,3.6524
8244,3.6524
8245,3.6526
8246,3.6527
8247,3.6529
8248,3.6529
8249,3.6531
8250,3.6532
8251,3.6534
8252,3.6535
8253,3.6535
8254,3.6537
8255,3.6539
8256,3.6539
8257,3.654
8258,3.6542
8259,3.6543
8260,3.6543
8261,3.6545
8262,3.6547
8263,3.6548
8264,3.6548
8265,3.655
8266,3.6551
8267,3.6553
8268,3.6553
8269,3.6554
8270,3.6556
8271,3.6558
8272,3.6558
8273,3.6559
8274,3.6561
8275,3.6562
8276,3.6562
8277,3.6564
8278,3.6566
8279,3.6567
8280,3.6567
8281,3.6569
8282,3.657
8283,3.6572
8284,3.6572
8285,3.6574
8286,3.6575
8287,3.6577
8288,3.6577
8289,3.6578
8290,3.658
8291,3.658
8292,3.6581
8293,3.6583
8294,3.6585
8295,3.6585
8296,3.6586
8297,3.6588
8298,3.6589
8299,3.6589
8300,3.6591
8301,3.6593
8302,3.6594
8303,3.6594
8304,3.6596
8305,3.6597
8306,3.6597
8307,3.6599
8308,3.6601
8309,3.6602
8310,3.6602
8311,3.6604
8312,3.6605
8313,3.6607
8314,3.6607
8315,3.6608
8316,3.661
8317,3.6612
8318,3.6612
8319,3.6613
8320,3.6615
8321,3.6616
8322,3.6616
8323,3.6618
8324,3.662
8325,3.6621
8326,3.6621
8327,3.6623
8328,3.6624
8329,3.6624
8330,3.6626
8331,3.6628
8332,3.6629
8333,3.6629
8334,3.6631
8335,3.6632
8336,3.6634
8337,3.6634
8338,3.6635
8339,3.6637
8340,3.6637
8341,3.6639
8342,3.664
8343,3.6642
8344,3.6642
8345,3.6643
8346,3.6645
8347,3.6645
8348,3.6647
8349,3.6648
8350,3.665
8351,3.665
8352,3.6651
8353,3.6653
8354,3.6655
8355,3.6655
8356,3.6656
8357,3.6658
8358,3.6659
8359,3.6659
8360,3.6661
8361,3.6662
8362,3.6662
8363,3.6664
8364,3.6666
8365,3.6666
8366,3.6667
8367,3.6669
8368,3.667
8369,3.667
8370,3.6672
8371,3.6674
8372,3.6675
8373,3.6675
8374,3.6677
8375,3.6678
8376,3.668
8377,3.668
8378,3.6682
8379,3.6683
8380,3.6683
8381,3.6685
8382,3.6686
8383,3.6686
8384,3.6688
8385,3.6689
8386,3.6691
8387,3.6691
8388,3.6693
8389,3.6694
8390,3.6696
8391,3.6696
8392,3.6697
8393,3.6699
8394,3.6699
8395,3.6701
8396,3.6702
8397,3.6704
8398,3.6704
8399,3.6705
8400,3.6707
8401,3.6709
8402,3.6709
8403,3.671
8404,3.6712
8405,3.6712
8406,3.6713
8407,3.6715
8408,3.6717
8409,3.6717
8410,3.6718
8411,3.672
8412,3.672
8413,3.6721
8414,3.6723
8415,3.6724
8416,3.6724
8417,3.6726
8418,3.6728
8419,3.6728
8420,3.6729
8421,3.6731
8422,3.6732
8423,3.6732
8424,3.6734
8425,3.6736
8426,3.6737
8427,3.6737
8428,3.6739
8429,3.674
8430,3.6742
8431,3.6742
8432,3.6744
8433,3.6745
8434,3.6745
8435,3.6747
8436,3.6748
8437,3.675
8438,3.675
8439,3.6751
8440,3.6753
8441,3.6753
8442,3.6755
8443,3.6756
8444,3.6758
8445,3.6758
8446,3.6759
8447,3.6761
8448,3.6761
8449,3.6763
8450,3.6764
8451,3.6766
8452,3.6766
8453,3.6767
8454,3.6769
8455,3.6769
8456,3.6771
8457,3.6772
8458,3.6774
8459,3.6774
8460,3.6775
8461,3.6777
8462,3.6778
8463,3.6778
8464,3.678
8465,3.6782
8466,3.6782
8467,3.6783
8468,3.6785
8469,3.6786
8470,3.6786
8471,3.6788
8472,3.679
8473,3.6791
8474,3.6791
8475,3.6793
8476,3.6794
8477,3.6796
8478,3.6796
8479,3.6798
8480,3.6799
8481,3.6799
8482,3.6801
8483,3.6802
8484,3.6804
8485,3.6804
8486,3.6805
8487,3.6807
8488,3.6809
8489,3.6809
8490,3.681
8491,3.6812
8492,3.6813
8493,3.6813
8494,3.6815
8495,3.6817
8496,3.6818
8497,3.6818
8498,3.682
8499,3.6821
8500,3.6821
8501,3.6823
8502,3.6825
8503,3.6826
8504,3.6826
8505,3.6828
8506,3.6829
8507,3.6831
8508,3.6831
8509,3.6832
8510,3.6834
8511,3.6836
8512,3.6836
8513,3.6837
8514,3.6839
8515,3.684
8516,3.684
8517,3.6842
8518,3.6844
8519,3.6845
8520,3.6845
8521,3.6847
8522,3.6848
8523,3.685
8524,3.685
8525,3.6852
8526,3.6853
8527,3.6855
8528,3.6855
8529,3.6856
8530,3.6858
8531,3.6858
8532,3.6859
8533,3.6861
8534,3.6863
8535,3.6864
8536,3.6864
8537,3.6866
8538,3.6867
8539,3.6869
8540,3.6869
8541,3.6871
8542,3.6872
8543,3.6874
8544,3.6874
8545,3.6875
8546,3.6877
8547,3.6879
8548,3.6879
8549,3.688
8550,3.6882
8551,3.6883
8552,3.6883
8553,3.6885
8554,3.6886
8555,3.6888
8556,3.6888
8557,3.689
8558,3.6891
8559,3.6893
8560,3.6894
8561,3.6894
8562,3.6896
8563,3.6898
8564,3.6899
8565,3.6899
8566,3.6901
8567,3.6902
8568,3.6904
8569,3.6906
8570,3.6906
8571,3.6907
8572,3.6909
8573,3.691
8574,3.691
8575,3.6912
8576,3.6913
8577,3.6915
8578,3.6917
8579,3.6917
8580,3.6918
8581,3.692
8582,3.6921
8583,3.6923
8584,3.6923
8585,3.6925
8586,3.6926
8587,3.6928
8588,3.6928
8589,3.6929
8590,3.6931
8591,3.6933
8592,3.6934
8593,3.6934
8594,3.6936
8595,3.6937
8596,3.6939
8597,3.694
8598,3.694
8599,3.6942
8600,3.6944
8601,3.6945
8602,3.6947
8603,3.6947
8604,3.6948
8605,3.695
8606,3.6952
8607,3.6953
8608,3.6955
8609,3.6955
8610,3.6956
8611,3.6958
8612,3.696
8613,3.6961
8614,3.6961
8615,3.6963
8616,3.6964
8617,3.6966
8618,3.6968
8619,3.6969
8620,3.6971
8621,3.6971
8622,3.6972
8623,3.6974
8624,3.6975
8625,3.6977
8626,3.6977
8627,3.6979
8628,3.698
8629,3.6982
8630,3.6983
8631,3.6985
8632,3.6985
8633,3.6987
8634,3.6988
8635,3.699
8636,3.6991
8637,3.6993
8638,3.6995
8639,3.6995
8640,3.6996
8641,3.6998
8642,3.6999
8643,3.7001
8644,3.7002
8645,3.7002
8646,3.7004
8647,3.7006
8648,3.7007
8649,3.7009
8650,3.701
8651,3.7012
8652,3.7012
8653,3.7014
8654,3.7015
8655,3.7017
8656,3.7018
8657,3.702
8658,3.7022
8659,3.7023
8660,3.7023
8661,3.7025
8662,3.7026
8663,3.7028
8664,3.7029
8665,3.7031
8666,3.7033
8667,3.7034
8668,3.7034
8669,3.7036
8670,3.7037
8671,3.7039
8672,3.7041
8673,3.7042
8674,3.7044
8675,3.7045
8676,3.7047
8677,3.7047
8678,3.7049
8679,3.705
8680,3.7052
8681,3.7053
8682,3.7055
8683,3.7056
8684,3.7058
8685,3.706
8686,3.706
8687,3.7061
8688,3.7063
8689,3.7064
8690,3.7066
8691,3.7068
8692,3.7069
8693,3.7071
8694,3.7072
8695,3.7074
8696,3.7074
8697,3.7076
8698,3.7077
8699,3.7079
8700,3.708
8701,3.7082
8702,3.7083
8703,3.7085
8704,3.7087
8705,3.7088
8706,3.709
8707,3.7091
8708,3.7093
8709,3.7095
8710,3.7095
8711,3.7096
8712,3.7098
8713,3.7099
8714,3.7101
8715,3.7103
8716,3.7104
8717,3.7106
8718,3.7106
8719,3.7106
8720,3.7106
8721,3.7106
8722,3.7106
8723,3.7106
8724,3.7106
8725,3.7106
8726,3.7106
8727,3.7106
8728,3.7106
8729,3.7106
8730,3.7106
8731,3.7106
8732,3.7106
8733,3.7106
8734,3.7106
8735,3.7106
8736,3.7106
8737,3.7106
8738,3.7106
8739,3.7106
8740,3.7106
8741,3.7106
8742,3.7106
8743,3.7106
8744,3.7106
8745,3.7106
8746,3.7106
8747,3.7106
8748,3.7106
8749,3.7106
8750,3.7106
8751,3.7106
8752,3.7106
8753,3.7106
8754,3.7106
8755,3.7106
8756,3.7106
8757,3.7106
8758,3.7106
8759,3.7086
8760,3.7077
8761,3.7074
8762,3.7072
8763,3.7071
8764,3.7069
8765,3.7067
8766,3.7067
8767,3.7066
8768,3.7064
8769,3.7064
8770,3.7064
8771,3.7063
8772,3.7063
8773,3.7061
8774,3.7061
8775,3.7061
8776,3.7059
8777,3.7059
8778,3.7059
8779,3.7059
8780,3.7058
8781,3.7058
8782,3.7058
8783,3.7058
8784,3.7058
8785,3.7056
8786,3.7056
8787,3.7056
8788,3.7056
8789,3.7055
8790,3.7055
8791,3.7055
8792,3.7055
8793,3.7055
8794,3.7055
8795,3.7053
8796,3.7053
8797,3.7053
8798,3.7053
8799,3.7053
8800,3.7053
8801,3.7053
8802,3.7053
8803,3.7053
8804,3.7051
8805,3.7051
8806,3.7051
8807,3.7051
8808,3.7051
8809,3.7051
8810,3.7051
8811,3.7051
8812,3.705
8813,3.705
8814,3.705
8815,3.705
8816,3.705
8817,3.705
8818,3.705
8819,3.705
8820,3.705
8821,3.705
8822,3.705
8823,3.705
8824,3.705
8825,3.7048
8826,3.7048
8827,3.7048
8828,3.7048
8829,3.7048
8830,3.7048
8831,3.7048
8832,3.7048
8833,3.7048
8834,3.7048
8835,3.7048
8836,3.7048
8837,3.7048
8838,3.7048
8839,3.7048
8840,3.7048
8841,3.7048
8842,3.7048
8843,3.7047
8844,3.7047
8845,3.7047
8846,3.7047
8847,3.7047
8848,3.7047
8849,3.7047
8850,3.7047
8851,3.7047
8852,3.7047
8853,3.7047
8854,3.7047
8855,3.7047
8856,3.7047
8857,3.7047
8858,3.7047
8859,3.7047
8860,3.7047
8861,3.7047
8862,3.7047
8863,3.7047
8864,3.7047
8865,3.7045
8866,3.7045
8867,3.7045
8868,3.7045
8869,3.7045
8870,3.7045
8871,3.7045
8872,3.7045
8873,3.7045
8874,3.7045
8875,3.7045
8876,3.7045
8877,3.7045
8878,3.7045
8879,3.7045
8880,3.7045
8881,3.7045
8882,3.7045
8883,3.7045
8884,3.7045
8885,3.7045
8886,3.7045
8887,3.7045
8888,3.7045
8889,3.7045
8890,3.7045
8891,3.7045
8892,3.7045
8893,3.7045
8894,3.7045
8895,3.7045
8896,3.7045
8897,3.7045
8898,3.7045
8899,3.7045
8900,3.7044
8901,3.7045
8902,3.7045
8903,3.7044
8904,3.7044
8905,3.7044
8906,3.7044
8907,3.7045
8908,3.7044
8909,3.7044
8910,3.7044
8911,3.7044
8912,3.7044
8913,3.7044
8914,3.7044
8915,3.7044
8916,3.7044
8917,3.7044
8918,3.7044
8919,3.7044
8920,3.7044
8921,3.7044
8922,3.7044
8923,3.7044
8924,3.7044
8925,3.7044
8926,3.7044
8927,3.7044
8928,3.7044
8929,3.7044
8930,3.7044
8931,3.7044
8932,3.7044
8933,3.7044
8934,3.7044
8935,3.7044
8936,3.7044
8937,3.7044
8938,3.7044
8939,3.7044
